    2.712812168489037e-03
    5.612501015688866e-03
    8.248706885300015e-03
    1.161891931822640e-02
    1.483867908270187e-02
    1.742549655080036e-02
    2.025976437459374e-02
    2.512439603938370e-02
    3.180508606506412e-02
    3.683231591765136e-02
    3.928555916976958e-02
    4.044554899655827e-02
    4.015673105941335e-02
    4.122820116908681e-02
    4.275114818854146e-02
    4.154181685883879e-02
    3.826014835898891e-02
    3.703700490941066e-02
    3.736087292996065e-02
    3.748360747717462e-02
    3.700007314223572e-02
    3.420029234077115e-02
    2.911667793594326e-02
    2.561691378279810e-02
    2.275965365085674e-02
    1.837999068163389e-02
    1.557645177650006e-02
    1.516024433543335e-02
    1.620328938152191e-02
    1.774570882417733e-02
    1.945653051539285e-02
    2.177876184088635e-02
    2.575469098127350e-02
    3.092589789299429e-02
    3.548826241750173e-02
    4.020897220442478e-02
    4.522008439535454e-02
    5.034383671389340e-02
    5.381984194081044e-02
    5.796442723300479e-02
    6.286087125594034e-02
    6.686003419123898e-02
    7.012391852331365e-02
    7.047673352088454e-02
    6.762476098552717e-02
    6.318563328890683e-02
    6.037912281726068e-02
    5.928621501159013e-02
    5.894160875154938e-02
    5.858804011040344e-02
    6.010663890831262e-02
    6.293550029029862e-02
    6.662828355674148e-02
    7.007660833806448e-02
    7.328798711822415e-02
    7.730479365526963e-02
    8.346337883250871e-02
    9.050210127510641e-02
    9.998679619351086e-02
    1.092954333827354e-01
    1.182028302083968e-01
    1.272774133531147e-01
    1.357375040239853e-01
    1.443977994505200e-01
    1.547175493762745e-01
    1.670001285031589e-01
    1.819060651466197e-01
    1.979571563363481e-01
    2.138750436741450e-01
    2.304996789209368e-01
    2.466340137266298e-01
    2.607117820961551e-01
    2.757852604000809e-01
    2.924175836471464e-01
    3.117832510723119e-01
    3.310591677713883e-01
    3.484395078371760e-01
    3.673983658712113e-01
    3.870276983831428e-01
    4.057551568523184e-01
    4.242445662207854e-01
    4.442097499809362e-01
    4.657632846109687e-01
    4.891467401017536e-01
    5.105358060548859e-01
    5.296062098035049e-01
    5.475599220540148e-01
    5.644806905933948e-01
    5.809630615208208e-01
    5.989143364021010e-01
    6.182216196111402e-01
    6.378624424125647e-01
    6.584179122364071e-01
    6.791149606700736e-01
    7.005784459601515e-01
    7.222066651310113e-01
    7.417989651339842e-01
    7.609236211136899e-01
    7.785145790399847e-01
    7.958889629874112e-01
    8.127728243019094e-01
    8.291308270657906e-01
    8.444621838147678e-01
    8.590602279130829e-01
    8.734740813347106e-01
    8.869622971947102e-01
    9.001776160644416e-01
    9.140346260455608e-01
    9.272192519016780e-01
    9.434870700550715e-01
    9.608235254006539e-01
    9.766371620574384e-01
    9.924251900327474e-01
    1.005788248095717e+00
    1.016809169912388e+00
    1.028111535196721e+00
    1.039509391479515e+00
    1.049714394599992e+00
    1.059945825214340e+00
    1.072548687794828e+00
    1.083867649744141e+00
    1.093839004180149e+00
    1.103655306526687e+00
    1.113560831858226e+00
    1.123801075402949e+00
    1.132771490837628e+00
    1.141833403633012e+00
    1.150366210932061e+00
    1.158668647102269e+00
    1.167677909312009e+00
    1.176588726993111e+00
    1.187517615077182e+00
    1.202279734393201e+00
    1.220965454860088e+00
    1.238684665797842e+00
    1.254135340722543e+00
    1.269402538221123e+00
    1.286157615065320e+00
    1.302219606715180e+00
    1.316421965982590e+00
    1.331308980481482e+00
    1.349541377831401e+00
    1.367163412674346e+00
    1.384010678064219e+00
    1.400382913950611e+00
    1.414417811932817e+00
    1.427441030151689e+00
    1.439605709052978e+00
    1.451886307109940e+00
    1.463437563258075e+00
    1.473773282162264e+00
    1.486330337250037e+00
    1.499363184678034e+00
    1.513290755493734e+00
    1.528714277596276e+00
    1.544715900981092e+00
    1.560526873579325e+00
    1.573917132359181e+00
    1.585935027944867e+00
    1.597305726302533e+00
    1.606226438323630e+00
    1.614438212635488e+00
    1.622496031583290e+00
    1.630097361917495e+00
    1.639571052631012e+00
    1.650424799803649e+00
    1.661708008168040e+00
    1.673896835124599e+00
    1.686266802346619e+00
    1.698966119553319e+00
    1.711289580710144e+00
    1.721799560652118e+00
    1.730601720312109e+00
    1.741055102547703e+00
    1.750718238162477e+00
    1.757999015278320e+00
    1.763140561873787e+00
    1.768971047822151e+00
    1.775493817470929e+00
    1.780429122536918e+00
    1.783702364885561e+00
    1.786459859644011e+00
    1.789009732433704e+00
    1.792632062633317e+00
    1.795506983889452e+00
    1.798259330579631e+00
    1.802937191649930e+00
    1.808290480728879e+00
    1.814568903506906e+00
    1.822268575943548e+00
    1.831923647738705e+00
    1.843186148282694e+00
    1.854405767572711e+00
    1.862670998460476e+00
    1.868543922355577e+00
    1.874818417086886e+00
    1.880332301647834e+00
    1.885389476125867e+00
    1.890059497633523e+00
    1.891908728820397e+00
    1.892609201274685e+00
    1.894037345969218e+00
    1.894220782362817e+00
    1.894279500416996e+00
    1.895322389114648e+00
    1.898022499213937e+00
    1.902124213918077e+00
    1.908139333338151e+00
    1.913156017212181e+00
    1.914739927388811e+00
    1.912731344950455e+00
    1.909780704592290e+00
    1.909060694337669e+00
    1.908330220054907e+00
    1.908155559767508e+00
    1.906917882855488e+00
    1.907229677045556e+00
    1.910091582516883e+00
    1.914946890738240e+00
    1.919380907105040e+00
    1.922977282301701e+00
    1.924826745977532e+00
    1.925843712041150e+00
    1.925904122686270e+00
    1.925038356800094e+00
    1.923756126583829e+00
    1.922369534346801e+00
    1.922221205549806e+00
    1.922564362063108e+00
    1.921902040815485e+00
    1.920313051418425e+00
    1.916643452439502e+00
    1.911224578014448e+00
    1.905325590370463e+00
    1.900191786391346e+00
    1.896116241407412e+00
    1.891244416841960e+00
    1.884276557563090e+00
    1.876282480671793e+00
    1.868894643214257e+00
    1.864824126800904e+00
    1.863944083910968e+00
    1.864701630491053e+00
    1.866171434387319e+00
    1.869219640595910e+00
    1.872538313659819e+00
    1.876377971055657e+00
    1.880630927646534e+00
    1.887175495561620e+00
    1.895704300098024e+00
    1.904494346019407e+00
    1.912508715000158e+00
    1.919203063354463e+00
    1.924937807011675e+00
    1.930279902123230e+00
    1.933064051744505e+00
    1.934001016372504e+00
    1.935473982101617e+00
    1.937882634051468e+00
    1.941351568809734e+00
    1.945753860594749e+00
    1.951764008705629e+00
    1.957972474645922e+00
    1.962330993398943e+00
    1.966341097954477e+00
    1.969579879404596e+00
    1.973776074611133e+00
    1.980525818215782e+00
    1.988727288420775e+00
    1.996697445302792e+00
    2.002810662783320e+00
    2.007879836380616e+00
    2.012975923791604e+00
    2.017897706600975e+00
    2.022784249217920e+00
    2.027650646108376e+00
    2.031263036507385e+00
    2.033616355011625e+00
    2.036263521030366e+00
    2.036690967468712e+00
    2.035333254055748e+00
    2.033217323736872e+00
    2.030928746377272e+00
    2.027069454232910e+00
    2.023497645256507e+00
    2.021888478899847e+00
    2.024015426663009e+00
    2.029121071720789e+00
    2.034980000293954e+00
    2.040112169208907e+00
    2.046326683666648e+00
    2.052011196678286e+00
    2.056482219973282e+00
    2.059786376232804e+00
    2.063935670280364e+00
    2.068012469400104e+00
    2.070623215804967e+00
    2.073866651539262e+00
    2.077679156360146e+00
    2.084318978863153e+00
    2.090030635419720e+00
    2.094697004363592e+00
    2.101572717194769e+00
    2.108560529853501e+00
    2.112925924458085e+00
    2.114680271439883e+00
    2.114984403346763e+00
    2.115721031284401e+00
    2.116815822097784e+00
    2.121362354058723e+00
    2.127277233256648e+00
    2.132018441709772e+00
    2.135916053652463e+00
    2.140545065199742e+00
    2.143237355744386e+00
    2.145701881406493e+00
    2.149687354623540e+00
    2.153095341024925e+00
    2.154715179899311e+00
    2.155546296340165e+00
    2.156572147114098e+00
    2.155659728332295e+00
    2.153194057887488e+00
    2.150904372911753e+00
    2.152417732188719e+00
    2.157705540587208e+00
    2.163042639396433e+00
    2.166006603503117e+00
    2.166861925791864e+00
    2.167308181673905e+00
    2.168708371993587e+00
    2.171104303229674e+00
    2.174320314032608e+00
    2.178607295640271e+00
    2.182959871697262e+00
    2.187373609460774e+00
    2.193757108270020e+00
    2.201007709299177e+00
    2.209960760018051e+00
    2.219360777811162e+00
    2.229332574984862e+00
    2.237011004728650e+00
    2.241589378349147e+00
    2.243579876139360e+00
    2.244598310083719e+00
    2.247968036768561e+00
    2.253176998811073e+00
    2.258491517581197e+00
    2.262837528749404e+00
    2.268028550572465e+00
    2.271637379056909e+00
    2.271249987211171e+00
    2.269596969818174e+00
    2.268320983441884e+00
    2.266387719706004e+00
    2.262556315561202e+00
    2.255981796981656e+00
    2.248860275558624e+00
    2.243908389134366e+00
    2.241071691112771e+00
    2.237333486453768e+00
    2.230394931083371e+00
    2.221241865272829e+00
    2.211356205682419e+00
    2.201383332759837e+00
    2.191925932462471e+00
    2.181617659699039e+00
    2.171243068796277e+00
    2.159142793076859e+00
    2.146127467306078e+00
    2.131503924679547e+00
    2.117904872003832e+00
    2.105351320871177e+00
    2.091205213738620e+00
    2.078205945403395e+00
    2.067485954795030e+00
    2.057384806823696e+00
    2.049787170010223e+00
    2.044413091344467e+00
    2.040376421817961e+00
    2.038233845036592e+00
    2.036397307736355e+00
    2.034831270059605e+00
    2.034420831038718e+00
    2.034719690273391e+00
    2.036791554482936e+00
    2.041458493811094e+00
    2.045231131076326e+00
    2.046952011378082e+00
    2.048031076486732e+00
    2.046327985929313e+00
    2.042795272218083e+00
    2.037648698813654e+00
    2.032436052228869e+00
    2.028341545705364e+00
    2.026448498509201e+00
    2.024187682300219e+00
    2.023464074086852e+00
    2.026835123664434e+00
    2.031098703109779e+00
    2.034958640688628e+00
    2.039688524365550e+00
    2.044590471111701e+00
    2.047534088964467e+00
    2.050259302201050e+00
    2.054869670826862e+00
    2.060295245896940e+00
    2.062932120557437e+00
    2.064049790483696e+00
    2.065076606810825e+00
    2.065007799869371e+00
    2.061706880190357e+00
    2.055628271104893e+00
    2.048575676544533e+00
    2.040283142392180e+00
    2.031093114109543e+00
    2.020944632508709e+00
    2.008364757244824e+00
    1.995754081710633e+00
    1.983299955320344e+00
    1.969588243048739e+00
    1.954022612766289e+00
    1.938691622163581e+00
    1.926873850856477e+00
    1.916494025734997e+00
    1.906855195852053e+00
    1.898824020662666e+00
    1.891255863377810e+00
    1.883008365545868e+00
    1.873365261917612e+00
    1.863006446881548e+00
    1.852456400400868e+00
    1.840524666684235e+00
    1.828092682867372e+00
    1.816165805962440e+00
    1.804750040188913e+00
    1.794949725818321e+00
    1.786853864278793e+00
    1.779673492337795e+00
    1.773001934371596e+00
    1.767758416872823e+00
    1.764935059194670e+00
    1.763564976987048e+00
    1.763794643866509e+00
    1.764496227704566e+00
    1.764432644919020e+00
    1.763706990400232e+00
    1.761582545447423e+00
    1.758810411633730e+00
    1.757694918167245e+00
    1.757666609085229e+00
    1.757759923745520e+00
    1.755853175156712e+00
    1.750639233588206e+00
    1.743535291398353e+00
    1.736596844100735e+00
    1.731206593650775e+00
    1.726308859862708e+00
    1.721425496883320e+00
    1.718116131438899e+00
    1.714800952974143e+00
    1.711547164636505e+00
    1.709083659288291e+00
    1.707000670596166e+00
    1.703244732732611e+00
    1.698309829318150e+00
    1.691399988106200e+00
    1.685366898824232e+00
    1.682858932039011e+00
    1.680250604726144e+00
    1.675921899655836e+00
    1.670008435311291e+00
    1.663190981928635e+00
    1.653005575669409e+00
    1.639906236269173e+00
    1.626060111039738e+00
    1.609752398184240e+00
    1.590923052480384e+00
    1.570837465162090e+00
    1.549765710828863e+00
    1.525775058614539e+00
    1.498017773474922e+00
    1.467909811445975e+00
    1.438385797825700e+00
    1.409376376269680e+00
    1.377311432279409e+00
    1.343528619207789e+00
    1.311588429961457e+00
    1.281352739298916e+00
    1.251368714652598e+00
    1.220441466208124e+00
    1.189177536503976e+00
    1.155967614567174e+00
    1.121528517250503e+00
    1.086622865234284e+00
    1.051599170617543e+00
    1.017776972138772e+00
    9.834260085919831e-01
    9.482595184942647e-01
    9.128649329719505e-01
    8.778380031325779e-01
    8.425199948395461e-01
    8.052436976616221e-01
    7.661978823691874e-01
    7.254708620776754e-01
    6.840951184126791e-01
    6.427429578532771e-01
    6.010685439153977e-01
    5.609074240283896e-01
    5.229311227674684e-01
    4.862279606721631e-01
    4.484975016352046e-01
    4.096111953591721e-01
    3.680505668700875e-01
    3.246159699812938e-01
    2.822326892901044e-01
    2.410635980283668e-01
    1.992075995114937e-01
    1.562925855363488e-01
    1.137744104447614e-01
    7.279590829250496e-02
    3.367904739804255e-02
   -4.734828370574616e-03
   -4.344697258763690e-02
   -8.328135921974660e-02
   -1.247982249799591e-01
   -1.652380907534418e-01
   -2.048692738599185e-01
   -2.439898577063823e-01
   -2.813314761981544e-01
   -3.171667629099210e-01
   -3.521400784076441e-01
   -3.862872821722497e-01
   -4.198248256906002e-01
   -4.533348342000634e-01
   -4.878213170202336e-01
   -5.229205248640297e-01
   -5.570910854682252e-01
   -5.918972090108214e-01
   -6.251609746264579e-01
   -6.572570765957815e-01
   -6.902670620461911e-01
   -7.247801516100691e-01
   -7.581859246670228e-01
   -7.876825376059007e-01
   -8.123076637736413e-01
   -8.361773447796759e-01
   -8.616547730846602e-01
   -8.893248408200926e-01
   -9.172955383410812e-01
   -9.459226830870945e-01
   -9.736920324307228e-01
   -9.989175357470512e-01
   -1.021460369176686e+00
   -1.043406988105108e+00
   -1.064281611227531e+00
   -1.081616169190001e+00
   -1.095768456631499e+00
   -1.108665790650959e+00
   -1.123743980930589e+00
   -1.141325067567887e+00
   -1.159470720776422e+00
   -1.177724874242604e+00
   -1.196448703721677e+00
   -1.217071681128095e+00
   -1.237271123524099e+00
   -1.254625706447384e+00
   -1.274500739929843e+00
   -1.297991853984935e+00
   -1.322590535418956e+00
   -1.346558870760048e+00
   -1.370342684493424e+00
   -1.396065565919555e+00
   -1.422402219063798e+00
   -1.446256890906407e+00
   -1.471703087658290e+00
   -1.497908853875828e+00
   -1.524348297792293e+00
   -1.551644819037030e+00
   -1.579815157967092e+00
   -1.609602678143311e+00
   -1.639772864120570e+00
   -1.670129552515883e+00
   -1.701349865567372e+00
   -1.731090404022449e+00
   -1.760778365842000e+00
   -1.791170048297952e+00
   -1.821745113600886e+00
   -1.853258925492249e+00
   -1.885707773940660e+00
   -1.917298681969409e+00
   -1.945327946082466e+00
   -1.970758858188839e+00
   -1.995333999823251e+00
   -2.020673222816268e+00
   -2.043994697314356e+00
   -2.065785442262106e+00
   -2.086303329682738e+00
   -2.105688059342282e+00
   -2.124394410798040e+00
   -2.142500460592104e+00
   -2.157735534029913e+00
   -2.171547786634702e+00
   -2.187953372179062e+00
   -2.204410054549792e+00
   -2.221112614023336e+00
   -2.234999766969747e+00
   -2.247272842417281e+00
   -2.259678340778259e+00
   -2.270643483823832e+00
   -2.282241838793567e+00
   -2.297529294396452e+00
   -2.314997796736700e+00
   -2.332813859507368e+00
   -2.348058737136362e+00
   -2.360594924434590e+00
   -2.371288247157177e+00
   -2.379880412600613e+00
   -2.388265369553528e+00
   -2.397513126435278e+00
   -2.404953752162398e+00
   -2.409857643878878e+00
   -2.415750778050322e+00
   -2.422833344224813e+00
   -2.429718311301201e+00
   -2.435948480203993e+00
   -2.441880659920054e+00
   -2.448011639776815e+00
   -2.453888780028312e+00
   -2.458293270580278e+00
   -2.463041972498649e+00
   -2.467362251625196e+00
   -2.467801396160821e+00
   -2.467883689180933e+00
   -2.469244603725453e+00
   -2.471713693625320e+00
   -2.473149636094049e+00
   -2.475012883751246e+00
   -2.477029033512366e+00
   -2.479667263294100e+00
   -2.481390755734973e+00
   -2.483248428802761e+00
   -2.486074346866181e+00
   -2.489004635240869e+00
   -2.491857625541323e+00
   -2.495652551292230e+00
   -2.499093176695941e+00
   -2.502296399401587e+00
   -2.507105541481669e+00
   -2.512525316764274e+00
   -2.518017614327603e+00
   -2.524264005982283e+00
   -2.529722170178068e+00
   -2.534118650512628e+00
   -2.534466746411379e+00
   -2.534277772671958e+00
   -2.534425590047437e+00
   -2.534542500866503e+00
   -2.532837094382492e+00
   -2.527339775943058e+00
   -2.518746583636544e+00
   -2.508989705188874e+00
   -2.500220477212149e+00
   -2.491750498299519e+00
   -2.485204927513191e+00
   -2.479874405398207e+00
   -2.475032090727953e+00
   -2.469495947214486e+00
   -2.464281962052075e+00
   -2.457996935202295e+00
   -2.450675239021656e+00
   -2.444907409325826e+00
   -2.441840396470673e+00
   -2.439172005858507e+00
   -2.434730341876719e+00
   -2.429972879774000e+00
   -2.426292135330737e+00
   -2.422163139524601e+00
   -2.413633633321235e+00
   -2.401622218712726e+00
   -2.390934159173323e+00
   -2.379584939815200e+00
   -2.365949347203227e+00
   -2.352097571369710e+00
   -2.334709043234233e+00
   -2.316745157407900e+00
   -2.299912520238284e+00
   -2.283359540914472e+00
   -2.267272742460886e+00
   -2.251602789025637e+00
   -2.238398556577027e+00
   -2.226635451650899e+00
   -2.213974517485779e+00
   -2.201368438012731e+00
   -2.188678627714777e+00
   -2.175856804913890e+00
   -2.164012137084411e+00
   -2.153170885079811e+00
   -2.142706722559935e+00
   -2.132464003294852e+00
   -2.120931539751738e+00
   -2.106840174404035e+00
   -2.092212102523062e+00
   -2.079487607290843e+00
   -2.068760352597484e+00
   -2.059790522491234e+00
   -2.052657143914775e+00
   -2.046505757966119e+00
   -2.041463529373125e+00
   -2.037274961513830e+00
   -2.035627586418919e+00
   -2.036991171296433e+00
   -2.038528555750323e+00
   -2.041058936500402e+00
   -2.046402427938977e+00
   -2.052317409374258e+00
   -2.059457016392781e+00
   -2.065860264634132e+00
   -2.072220224891331e+00
   -2.079148311121166e+00
   -2.086032597066727e+00
   -2.093320229553745e+00
   -2.102011561863918e+00
   -2.111403943060876e+00
   -2.121146449086976e+00
   -2.130118677131461e+00
   -2.138187962336956e+00
   -2.144930190399591e+00
   -2.149924289909928e+00
   -2.155045988238140e+00
   -2.159979379072811e+00
   -2.164532389176592e+00
   -2.168835938370912e+00
   -2.171830352547498e+00
   -2.176551597928315e+00
   -2.182136118173311e+00
   -2.186915543520147e+00
   -2.190630515199150e+00
   -2.194052305216665e+00
   -2.194970646107686e+00
   -2.194462156183759e+00
   -2.195469768663354e+00
   -2.197013042551212e+00
   -2.197620886754239e+00
   -2.197619659493339e+00
   -2.197965191976853e+00
   -2.198035507968937e+00
   -2.196695030035673e+00
   -2.195570678863263e+00
   -2.194986009091407e+00
   -2.192881791613336e+00
   -2.189372935345038e+00
   -2.184497415161041e+00
   -2.181099668953266e+00
   -2.178001239370670e+00
   -2.174441145914681e+00
   -2.169822100094344e+00
   -2.161308254390946e+00
   -2.151347755390015e+00
   -2.142699349497130e+00
   -2.133277305884647e+00
   -2.124417842239906e+00
   -2.117578631662727e+00
   -2.110943187148008e+00
   -2.104806974394276e+00
   -2.097746152055950e+00
   -2.089904558955352e+00
   -2.081213963075241e+00
   -2.071109921205504e+00
   -2.062146969365885e+00
   -2.053727063549325e+00
   -2.048201625331740e+00
   -2.044718488266604e+00
   -2.041998116665448e+00
   -2.037012471142363e+00
   -2.032424955982086e+00
   -2.029818162335634e+00
   -2.027141600873597e+00
   -2.022099175118796e+00
   -2.014630570865949e+00
   -2.004854113982302e+00
   -1.993282904689339e+00
   -1.977766289964484e+00
   -1.959846006292694e+00
   -1.941500273317809e+00
   -1.924118884391858e+00
   -1.906979772471790e+00
   -1.890707200264476e+00
   -1.872989403165001e+00
   -1.855069303362313e+00
   -1.837237856979761e+00
   -1.818854182213276e+00
   -1.799693596377028e+00
   -1.779407782028068e+00
   -1.758934467740066e+00
   -1.740534810408668e+00
   -1.720908530240464e+00
   -1.701056420612634e+00
   -1.679916237258569e+00
   -1.656635338969229e+00
   -1.632620143793365e+00
   -1.610084056166197e+00
   -1.589649941481706e+00
   -1.569887970012844e+00
   -1.549619717132583e+00
   -1.530161368942405e+00
   -1.511855842341613e+00
   -1.492512440940585e+00
   -1.473210827054992e+00
   -1.454673734954186e+00
   -1.436746010626386e+00
   -1.420649617981415e+00
   -1.404341818013725e+00
   -1.391417249503487e+00
   -1.381744833511077e+00
   -1.373165143213807e+00
   -1.365447057404957e+00
   -1.358668870815064e+00
   -1.351830011277999e+00
   -1.345282981288328e+00
   -1.341064274107883e+00
   -1.340284132138801e+00
   -1.339937750957135e+00
   -1.338931136272204e+00
   -1.337513800625745e+00
   -1.333455301804423e+00
   -1.329584760960610e+00
   -1.326745782314922e+00
   -1.325580570046966e+00
   -1.324695803170770e+00
   -1.322024860708838e+00
   -1.317538131724111e+00
   -1.310864100104496e+00
   -1.303883497238195e+00
   -1.299237523401380e+00
   -1.293773901410978e+00
   -1.288669814670818e+00
   -1.284578880270625e+00
   -1.279786956050202e+00
   -1.272420464051262e+00
   -1.263325611184719e+00
   -1.252720159763405e+00
   -1.245013951719765e+00
   -1.238154780707485e+00
   -1.232208829179789e+00
   -1.228078802269260e+00
   -1.227021891739508e+00
   -1.228052577957697e+00
   -1.228703114088914e+00
   -1.229991698746298e+00
   -1.234704520752388e+00
   -1.239769858588472e+00
   -1.244147200349162e+00
   -1.247765923128499e+00
   -1.252089074469596e+00
   -1.255949948189659e+00
   -1.258843060556221e+00
   -1.260204955051407e+00
   -1.259032817142682e+00
   -1.254621973601184e+00
   -1.249878416512914e+00
   -1.245016076645232e+00
   -1.238149182452928e+00
   -1.231056950571769e+00
   -1.226226386220063e+00
   -1.223778285656375e+00
   -1.223301019086048e+00
   -1.224391025216959e+00
   -1.227000100543694e+00
   -1.229556253959882e+00
   -1.233097416043971e+00
   -1.237005692842284e+00
   -1.240920209279141e+00
   -1.245606923045335e+00
   -1.250210590235530e+00
   -1.254555615188707e+00
   -1.257278348911370e+00
   -1.259466919783227e+00
   -1.262093979777814e+00
   -1.264747941636830e+00
   -1.267054981911249e+00
   -1.267111124168582e+00
   -1.265647178479202e+00
   -1.265113195162359e+00
   -1.263950572021701e+00
   -1.261512889646006e+00
   -1.258034364594309e+00
   -1.252472584167566e+00
   -1.246904879040937e+00
   -1.241655942234863e+00
   -1.237561069826696e+00
   -1.234111556962462e+00
   -1.230108327117891e+00
   -1.226096434217903e+00
   -1.221960904360436e+00
   -1.217539797410875e+00
   -1.213630590372496e+00
   -1.210076563937024e+00
   -1.206376181681436e+00
   -1.203359501480390e+00
   -1.197266074639884e+00
   -1.189648781627173e+00
   -1.180279222078434e+00
   -1.165524879453416e+00
   -1.150315841386913e+00
   -1.135883450901224e+00
   -1.121672395801878e+00
   -1.107253097089736e+00
   -1.091550020780234e+00
   -1.077221182334143e+00
   -1.061624704598609e+00
   -1.044459406766503e+00
   -1.026511289448307e+00
   -1.008291611856218e+00
   -9.886890859164716e-01
   -9.700063295908892e-01
   -9.519674710188851e-01
   -9.347583575576448e-01
   -9.174548066961019e-01
   -9.027641242684783e-01
   -8.900227570204413e-01
   -8.796904512237330e-01
   -8.705999820382989e-01
   -8.626172254901708e-01
   -8.548719353727957e-01
   -8.469791331414674e-01
   -8.371806735812964e-01
   -8.278296182168744e-01
   -8.187749275670015e-01
   -8.095497894467039e-01
   -8.008910535156628e-01
   -7.914072914524340e-01
   -7.805308313496696e-01
   -7.681117035087205e-01
   -7.537166165942000e-01
   -7.398944503665086e-01
   -7.277196382434473e-01
   -7.145749663121669e-01
   -6.991136391368824e-01
   -6.822126154096450e-01
   -6.650850857966051e-01
   -6.466582031757029e-01
   -6.281490974951921e-01
   -6.105566352228207e-01
   -5.937222625806610e-01
   -5.768398028606756e-01
   -5.624543469184734e-01
   -5.503996124171660e-01
   -5.384944836661709e-01
   -5.222696867547292e-01
   -5.056279729901788e-01
   -4.875754961770979e-01
   -4.658201006821359e-01
   -4.440417280967625e-01
   -4.234274848585973e-01
   -4.048768149915748e-01
   -3.870261163199431e-01
   -3.694107705612900e-01
   -3.513633287152500e-01
   -3.324188243458893e-01
   -3.126052273446992e-01
   -2.922773104669376e-01
   -2.708282103965988e-01
   -2.492654400302120e-01
   -2.310292026345048e-01
   -2.148960248646493e-01
   -1.990719488412825e-01
   -1.858064384959625e-01
   -1.737773933462823e-01
   -1.618646168335516e-01
   -1.492026548677768e-01
   -1.367019744038398e-01
   -1.257253274641189e-01
   -1.155989800303236e-01
   -1.069410876676988e-01
   -9.873736398604610e-02
   -9.185435318299809e-02
   -8.548282193676751e-02
   -7.941745578888829e-02
   -7.280321362133607e-02
   -6.618299291103638e-02
   -6.051501622196698e-02
   -5.658868741567660e-02
   -5.352784968958128e-02
   -5.088478242427455e-02
   -4.784913921794925e-02
   -4.420007731034861e-02
   -3.996717569016535e-02
   -3.633721306615230e-02
   -3.208992372268388e-02
   -2.832280787345298e-02
   -2.482826390701719e-02
   -2.133180055578221e-02
   -1.720638932091260e-02
   -1.325396133057911e-02
   -9.572928757495630e-03
   -6.851665984711715e-03
   -4.162082657932685e-03
   -2.190811725680947e-03
    0.000000000000000e+00
