   -4.092892272850902e-03
    0.000000000000000e+00
    3.970873253023401e-03
    6.385641183645964e-03
    7.638718474871652e-03
    8.890319214230100e-03
    1.207647802428796e-02
    1.586920106736378e-02
    1.900221806846445e-02
    2.153043961746686e-02
    2.306392795182853e-02
    2.468321709850762e-02
    2.595006806461017e-02
    2.566692529278919e-02
    2.605766199577532e-02
    2.703674705448972e-02
    2.655504261063544e-02
    2.566736783799244e-02
    2.479868842287598e-02
    2.044417512699662e-02
    1.516064788994028e-02
    1.024373633815977e-02
    6.193907703150280e-03
    4.146517173186606e-03
    1.416746097793131e-03
   -3.650425662502343e-03
   -7.991201992145772e-03
   -1.099508373817407e-02
   -1.191954628990231e-02
   -1.039136180456465e-02
   -8.800859326083169e-03
   -6.774442966460223e-03
   -3.711203770565517e-03
    4.081109494810803e-04
    4.803569603565365e-03
    8.713973449741369e-03
    1.321249966946459e-02
    1.723121179229888e-02
    1.838990672159502e-02
    1.897988175267422e-02
    2.153906989447199e-02
    2.425995843808133e-02
    2.647984973846541e-02
    2.917383667535168e-02
    3.169412430137850e-02
    3.326466470741783e-02
    3.296862841136173e-02
    3.040563846750698e-02
    2.660136230647759e-02
    2.339863910709751e-02
    2.223831371851404e-02
    2.372341928356487e-02
    2.544305350688567e-02
    2.860589141357726e-02
    3.293992719581550e-02
    3.852597498108259e-02
    4.461335448557666e-02
    4.921010446123434e-02
    5.323138156222753e-02
    5.990663269820462e-02
    6.937342393208318e-02
    7.873792193044744e-02
    8.674656208654760e-02
    9.326463253570133e-02
    1.005995375965890e-01
    1.085818385977737e-01
    1.180547388111521e-01
    1.311616073727782e-01
    1.472668641562327e-01
    1.639226516353902e-01
    1.809116933491884e-01
    1.974858924331505e-01
    2.129281946435462e-01
    2.272990818745967e-01
    2.429565769287307e-01
    2.594353519532491e-01
    2.753547833190881e-01
    2.938729188338591e-01
    3.127562768669148e-01
    3.309849406822721e-01
    3.493304409016034e-01
    3.682141787871519e-01
    3.878306906605374e-01
    4.085377749498673e-01
    4.309182230849140e-01
    4.536601210833065e-01
    4.770019393128904e-01
    4.980838865779508e-01
    5.171365765159799e-01
    5.367655784631027e-01
    5.558168062198815e-01
    5.755317757413776e-01
    5.975342080348149e-01
    6.207680593149477e-01
    6.433430026171043e-01
    6.657055740989979e-01
    6.863146786641713e-01
    7.054404995117373e-01
    7.237050645482164e-01
    7.417516389198465e-01
    7.604372535682905e-01
    7.787170635263966e-01
    7.953623336932628e-01
    8.111481867039199e-01
    8.252502507920388e-01
    8.385701958238662e-01
    8.520601115681553e-01
    8.662281830758425e-01
    8.797739125690158e-01
    8.931825382716887e-01
    9.084407533779021e-01
    9.247048178652943e-01
    9.415299754846709e-01
    9.589461308672952e-01
    9.759754304975691e-01
    9.910261365300985e-01
    1.003763747533974e+00
    1.015150908887997e+00
    1.026663742401419e+00
    1.039026953911291e+00
    1.051288660185456e+00
    1.061840309920864e+00
    1.071446587641383e+00
    1.081776928192408e+00
    1.093703562752529e+00
    1.107310523337704e+00
    1.121721579672634e+00
    1.134750592356153e+00
    1.146370340434008e+00
    1.156669199370797e+00
    1.165433153879035e+00
    1.174076400829722e+00
    1.184349538919466e+00
    1.195788458372349e+00
    1.207910970117800e+00
    1.222327319400762e+00
    1.239369018978610e+00
    1.257183941223529e+00
    1.274495389322560e+00
    1.288447988452002e+00
    1.301676408611651e+00
    1.316986039180989e+00
    1.333768743178128e+00
    1.352286066182678e+00
    1.368930482685706e+00
    1.383734331443584e+00
    1.397650539285731e+00
    1.410351301608825e+00
    1.422694677374881e+00
    1.434157185006842e+00
    1.445880353121578e+00
    1.458471734906785e+00
    1.470440440797898e+00
    1.481991624425089e+00
    1.494985132799513e+00
    1.510084394344274e+00
    1.524608247809809e+00
    1.539235019783729e+00
    1.553844950087584e+00
    1.567666261044396e+00
    1.579244118403669e+00
    1.590126705625014e+00
    1.601293915020517e+00
    1.609629760751722e+00
    1.615912328299606e+00
    1.622905968246717e+00
    1.632836957350378e+00
    1.645980985674501e+00
    1.659032948369625e+00
    1.672687381572962e+00
    1.686801229490575e+00
    1.701427222626146e+00
    1.715108122972532e+00
    1.727200199689701e+00
    1.738631474314999e+00
    1.747704268350828e+00
    1.754663002260590e+00
    1.760714781209516e+00
    1.765699611726989e+00
    1.768667398472294e+00
    1.771921161500414e+00
    1.777618410317869e+00
    1.783174263934002e+00
    1.786822086619815e+00
    1.789314622442663e+00
    1.791158012296324e+00
    1.795115606969198e+00
    1.798622728379892e+00
    1.803287083865097e+00
    1.811274688956894e+00
    1.820609431698909e+00
    1.830141990622956e+00
    1.838011332682628e+00
    1.845351678917465e+00
    1.854089015120925e+00
    1.863647458914793e+00
    1.870524956281334e+00
    1.876073744445359e+00
    1.881517879509234e+00
    1.886499464704116e+00
    1.890171303393490e+00
    1.891237482489908e+00
    1.890586871007007e+00
    1.890108244533816e+00
    1.891763190765179e+00
    1.893780241627064e+00
    1.895115884629313e+00
    1.899151188044872e+00
    1.904433034300319e+00
    1.908029269625202e+00
    1.909757326340502e+00
    1.909884673805491e+00
    1.909332709175378e+00
    1.908814592672756e+00
    1.906959188527275e+00
    1.904454743791669e+00
    1.902391920933278e+00
    1.902677477533500e+00
    1.905951993712908e+00
    1.910395056160979e+00
    1.914952510570407e+00
    1.916605203241425e+00
    1.916062747378669e+00
    1.917066785770623e+00
    1.918926911492639e+00
    1.920455379629057e+00
    1.920550559066342e+00
    1.919636641518339e+00
    1.920780053511290e+00
    1.921989592602533e+00
    1.923295399582796e+00
    1.924116650338151e+00
    1.923778694638101e+00
    1.922780500090260e+00
    1.920859983120416e+00
    1.918395042298509e+00
    1.914304369887621e+00
    1.909526514441534e+00
    1.902861754355684e+00
    1.895674987018478e+00
    1.889652594472175e+00
    1.884596597129753e+00
    1.880954921468705e+00
    1.879578302760287e+00
    1.882040706389383e+00
    1.887143989257729e+00
    1.890695396701134e+00
    1.890638809174624e+00
    1.890638143067280e+00
    1.892269125738651e+00
    1.896947522199782e+00
    1.903452049420285e+00
    1.910379212859356e+00
    1.918746834327796e+00
    1.927867596314673e+00
    1.936264815981869e+00
    1.942207250583090e+00
    1.946837484812849e+00
    1.949922075029880e+00
    1.951341480583450e+00
    1.953655418095772e+00
    1.957839510746993e+00
    1.960959653057778e+00
    1.963523653683467e+00
    1.967290451288449e+00
    1.970954982022270e+00
    1.973423577298418e+00
    1.977453777988169e+00
    1.983709873661319e+00
    1.990992413947182e+00
    1.998751099027328e+00
    2.006070647160255e+00
    2.014730852935591e+00
    2.022229680655663e+00
    2.028156940500859e+00
    2.033059073151354e+00
    2.036130322128539e+00
    2.037706910506308e+00
    2.039705771562852e+00
    2.043829587943286e+00
    2.046433687508515e+00
    2.046745993799330e+00
    2.046135758338981e+00
    2.044371970557166e+00
    2.042161070562330e+00
    2.040700060702631e+00
    2.039456033930764e+00
    2.037614266527500e+00
    2.035828065394881e+00
    2.034444700218133e+00
    2.037304411521288e+00
    2.043659366246656e+00
    2.050302370649317e+00
    2.054962398134375e+00
    2.058701496899449e+00
    2.062200253904392e+00
    2.064231676868106e+00
    2.066767231690127e+00
    2.071311994664311e+00
    2.077328674572291e+00
    2.085302990842219e+00
    2.091486703457571e+00
    2.094858121414951e+00
    2.097010601256903e+00
    2.098228980465604e+00
    2.099976316401106e+00
    2.102133829621065e+00
    2.104043341054728e+00
    2.104274125796477e+00
    2.104910798398921e+00
    2.107955641032500e+00
    2.111116016949595e+00
    2.114260035015346e+00
    2.120774343999365e+00
    2.128077411331650e+00
    2.134476053787954e+00
    2.140895775020570e+00
    2.145113039809978e+00
    2.147776683921791e+00
    2.152199173938944e+00
    2.154478216543487e+00
    2.153976048793746e+00
    2.151659629100402e+00
    2.150754555706560e+00
    2.152562699921691e+00
    2.155963376920162e+00
    2.158977304624677e+00
    2.162075147482425e+00
    2.165361871083195e+00
    2.167962579374134e+00
    2.169373575162107e+00
    2.169239017285356e+00
    2.169660969959414e+00
    2.169625497417380e+00
    2.169391659517217e+00
    2.169806352341414e+00
    2.172165561182733e+00
    2.177400831560107e+00
    2.182929952423830e+00
    2.188432524672226e+00
    2.195188784858636e+00
    2.201757033729008e+00
    2.209892233001665e+00
    2.218380183990439e+00
    2.225661094440876e+00
    2.231017007681374e+00
    2.235986636522429e+00
    2.240344773471891e+00
    2.243068812673395e+00
    2.246985824976206e+00
    2.250837189319047e+00
    2.252616712335625e+00
    2.253653120671266e+00
    2.254338071498085e+00
    2.252879575994498e+00
    2.249610659949427e+00
    2.246241517532070e+00
    2.241649505984514e+00
    2.235840110620311e+00
    2.228426002523519e+00
    2.221786567091879e+00
    2.214759681769534e+00
    2.204990240416274e+00
    2.194947476829801e+00
    2.185614392497842e+00
    2.175802520620453e+00
    2.165107741849677e+00
    2.153526499842906e+00
    2.142491991918854e+00
    2.129701642261053e+00
    2.114063718328054e+00
    2.099437557042260e+00
    2.086468462939678e+00
    2.073734584736745e+00
    2.059792774685381e+00
    2.047107266933518e+00
    2.036170484448195e+00
    2.026381891454379e+00
    2.019036065039690e+00
    2.012552733508261e+00
    2.006347711824474e+00
    2.000428769520457e+00
    1.995610209725108e+00
    1.991352299013711e+00
    1.989198913601629e+00
    1.988271138891103e+00
    1.988758010738909e+00
    1.990506333556753e+00
    1.991512360469327e+00
    1.994337411446249e+00
    1.998111302741071e+00
    1.999899959611446e+00
    1.999203088340149e+00
    1.997809697050847e+00
    1.996886285685981e+00
    1.994959393545168e+00
    1.991826690705892e+00
    1.988820582031739e+00
    1.989942092207582e+00
    1.993318895396979e+00
    1.997850489568606e+00
    2.003711804890322e+00
    2.008993488947989e+00
    2.012487985645987e+00
    2.015411808203146e+00
    2.017909228369860e+00
    2.021254423613833e+00
    2.024519449431022e+00
    2.025656245130578e+00
    2.025135775750392e+00
    2.025055448021721e+00
    2.025045645601451e+00
    2.025765420225584e+00
    2.024743815360267e+00
    2.020438698224493e+00
    2.012833097454978e+00
    2.002313054899429e+00
    1.990607516917407e+00
    1.978242491514334e+00
    1.965157167335063e+00
    1.952603515931665e+00
    1.938846707422810e+00
    1.925916546207495e+00
    1.913366655707902e+00
    1.902263319811374e+00
    1.890892464524155e+00
    1.878440154303837e+00
    1.866636537771057e+00
    1.856059028766654e+00
    1.847822030994710e+00
    1.841790643354135e+00
    1.835271094953699e+00
    1.827543698443044e+00
    1.818460269981188e+00
    1.810212556290588e+00
    1.801414434743621e+00
    1.792151597196922e+00
    1.781116335949594e+00
    1.770771639433744e+00
    1.760883636322835e+00
    1.753193725404846e+00
    1.747243776028496e+00
    1.741806232691089e+00
    1.738228170065727e+00
    1.736938871905347e+00
    1.735190932384564e+00
    1.734390598110913e+00
    1.733301541530762e+00
    1.731533804119598e+00
    1.729551807605296e+00
    1.728955821222293e+00
    1.728263586784347e+00
    1.727927302599801e+00
    1.727078569159211e+00
    1.724226895444994e+00
    1.717697069691112e+00
    1.709564929478403e+00
    1.701886784372958e+00
    1.693477797068650e+00
    1.686112600519137e+00
    1.682791467526265e+00
    1.679139366829049e+00
    1.676578842756994e+00
    1.673412787753576e+00
    1.669603793539482e+00
    1.666345550289785e+00
    1.663026629350969e+00
    1.657129390896329e+00
    1.649969239431958e+00
    1.642729534484878e+00
    1.635696223335573e+00
    1.628627926901277e+00
    1.623421192957120e+00
    1.616765735292615e+00
    1.607993117802170e+00
    1.600174321353034e+00
    1.591405413230544e+00
    1.578392746961319e+00
    1.563670373877550e+00
    1.548192166873608e+00
    1.529135812464984e+00
    1.505781635424700e+00
    1.480015288435987e+00
    1.453360176160829e+00
    1.423871730798846e+00
    1.392704404878296e+00
    1.361018383287288e+00
    1.331487788418303e+00
    1.303495295853141e+00
    1.274538756885852e+00
    1.245723682153659e+00
    1.217023905739088e+00
    1.187017796251859e+00
    1.154904708420113e+00
    1.123613012842917e+00
    1.093233517889812e+00
    1.062057878317631e+00
    1.029251135469934e+00
    9.961356648712305e-01
    9.634817084822407e-01
    9.315585107253368e-01
    8.989087582423826e-01
    8.642773121412828e-01
    8.290780177858205e-01
    7.925575491745789e-01
    7.539757908459513e-01
    7.135219034986811e-01
    6.727089475300750e-01
    6.325509012092074e-01
    5.935977020762174e-01
    5.551195931862843e-01
    5.162310133502360e-01
    4.765545796107754e-01
    4.378286674874085e-01
    3.988280662205171e-01
    3.592938453332680e-01
    3.205423778502185e-01
    2.785891176430725e-01
    2.341832706679446e-01
    1.912463894747549e-01
    1.496376749552439e-01
    1.101973652780211e-01
    7.197419447960356e-02
    3.331261089542580e-02
   -7.165439510513225e-03
   -4.806877713137164e-02
   -8.900731783293993e-02
   -1.279838695700158e-01
   -1.634880076005319e-01
   -1.984270976387593e-01
   -2.333339171276274e-01
   -2.680200551115889e-01
   -3.007719772587688e-01
   -3.339391017319517e-01
   -3.678054570954966e-01
   -4.019548140549743e-01
   -4.366602207575534e-01
   -4.721958447819821e-01
   -5.101115242835367e-01
   -5.470095483182925e-01
   -5.798063895244864e-01
   -6.105203645226444e-01
   -6.422214789553965e-01
   -6.749487403126539e-01
   -7.055432858073909e-01
   -7.357776735401365e-01
   -7.646524773951963e-01
   -7.918072117681252e-01
   -8.174761152246205e-01
   -8.411911905125257e-01
   -8.646767421137890e-01
   -8.894156093307589e-01
   -9.164976518101055e-01
   -9.446617188434084e-01
   -9.739445356243311e-01
   -1.002141443223219e+00
   -1.026939807271571e+00
   -1.048858650296690e+00
   -1.068599254931964e+00
   -1.086275438258463e+00
   -1.102457654464123e+00
   -1.118535397761921e+00
   -1.134178681696812e+00
   -1.151281059552923e+00
   -1.171618172866012e+00
   -1.192608974706953e+00
   -1.211609021967946e+00
   -1.226433665122517e+00
   -1.243080183336377e+00
   -1.261809663323803e+00
   -1.282053482792439e+00
   -1.302090680649217e+00
   -1.323941897893884e+00
   -1.347714492233928e+00
   -1.371610423446313e+00
   -1.396995724646412e+00
   -1.424884770195437e+00
   -1.451926558012892e+00
   -1.479229795667979e+00
   -1.507411249220507e+00
   -1.533957281733787e+00
   -1.557615162629056e+00
   -1.580758149801419e+00
   -1.606857043038795e+00
   -1.634525056219987e+00
   -1.661964513328048e+00
   -1.690233606003629e+00
   -1.719569633247342e+00
   -1.750421631688450e+00
   -1.781989471395822e+00
   -1.814772757683110e+00
   -1.847965498558182e+00
   -1.881086741986891e+00
   -1.912605982750137e+00
   -1.940002595141930e+00
   -1.963616434755714e+00
   -1.986711314751175e+00
   -2.009957423489257e+00
   -2.032181966202387e+00
   -2.053139710663643e+00
   -2.070986960228165e+00
   -2.087013928823218e+00
   -2.101736737005251e+00
   -2.117108662288728e+00
   -2.133693789757522e+00
   -2.148313825980805e+00
   -2.159335191695849e+00
   -2.169210723299332e+00
   -2.181283367404880e+00
   -2.194822035928592e+00
   -2.207721587841796e+00
   -2.221606544669504e+00
   -2.235446943810187e+00
   -2.250666360195951e+00
   -2.266201791360630e+00
   -2.281958360358168e+00
   -2.299120454562599e+00
   -2.313528285389512e+00
   -2.325822790282964e+00
   -2.336693432775462e+00
   -2.346035231461999e+00
   -2.354521759796960e+00
   -2.364229650405573e+00
   -2.374763822607339e+00
   -2.381927566455512e+00
   -2.385794990836057e+00
   -2.388469867462387e+00
   -2.391556933724301e+00
   -2.396740430781154e+00
   -2.400828507697481e+00
   -2.404121084683223e+00
   -2.407977886484444e+00
   -2.410952406036218e+00
   -2.415424779261462e+00
   -2.421235076403448e+00
   -2.426559906003049e+00
   -2.429070731466277e+00
   -2.429745674015906e+00
   -2.430258117305150e+00
   -2.431005243488027e+00
   -2.432401769695847e+00
   -2.435066354840893e+00
   -2.439168420588931e+00
   -2.444497878706336e+00
   -2.448073019976878e+00
   -2.448909904776348e+00
   -2.449432492866421e+00
   -2.451746635045885e+00
   -2.455679392778263e+00
   -2.461011993688594e+00
   -2.466738087591648e+00
   -2.471331706819327e+00
   -2.473831138267535e+00
   -2.475706742884253e+00
   -2.478473075289752e+00
   -2.481316083361192e+00
   -2.484815502594846e+00
   -2.486356728934089e+00
   -2.484262110507736e+00
   -2.481437244875754e+00
   -2.477577286379462e+00
   -2.473215801833356e+00
   -2.467820562238441e+00
   -2.459216253991855e+00
   -2.450706061055462e+00
   -2.442972444521970e+00
   -2.436114375380451e+00
   -2.430466837913313e+00
   -2.425492737792481e+00
   -2.420343498554113e+00
   -2.413908328099413e+00
   -2.407224068246579e+00
   -2.401521257710184e+00
   -2.396769828821523e+00
   -2.393222179227770e+00
   -2.391666122897705e+00
   -2.389925581551434e+00
   -2.386426776241073e+00
   -2.379938029594232e+00
   -2.371862541372984e+00
   -2.365776498262474e+00
   -2.359309946458515e+00
   -2.350646675165619e+00
   -2.339835945819749e+00
   -2.327619734483630e+00
   -2.314480374379983e+00
   -2.301048455530200e+00
   -2.287238796547417e+00
   -2.273109223905025e+00
   -2.259947865975503e+00
   -2.246698252446377e+00
   -2.233669480625331e+00
   -2.218749573400643e+00
   -2.203103740309053e+00
   -2.188807632735251e+00
   -2.176390012713420e+00
   -2.165716977128657e+00
   -2.155887612401624e+00
   -2.146186578717541e+00
   -2.134831554115392e+00
   -2.123816800673615e+00
   -2.112284691420790e+00
   -2.100399723964930e+00
   -2.087023254255672e+00
   -2.073276816038833e+00
   -2.059250139679107e+00
   -2.046593464545731e+00
   -2.035821556031435e+00
   -2.026158420298429e+00
   -2.016952537327378e+00
   -2.010101858466787e+00
   -2.005710296779879e+00
   -2.001661843059698e+00
   -2.000897972310027e+00
   -2.002654958538123e+00
   -2.006684948315625e+00
   -2.010807546636280e+00
   -2.015855186672879e+00
   -2.021321670577279e+00
   -2.026035873024959e+00
   -2.032352534269937e+00
   -2.040626819117605e+00
   -2.049738068163313e+00
   -2.059342926951829e+00
   -2.069101234279855e+00
   -2.078394559837409e+00
   -2.086741748444685e+00
   -2.093976522609589e+00
   -2.102115026578399e+00
   -2.110443010091486e+00
   -2.118240418663181e+00
   -2.124568027329691e+00
   -2.129735634733515e+00
   -2.136034328480124e+00
   -2.143942556321666e+00
   -2.153776772936671e+00
   -2.163213424669961e+00
   -2.172920114610559e+00
   -2.180987561619934e+00
   -2.186179697886021e+00
   -2.188747282948168e+00
   -2.191121797760592e+00
   -2.193587594489172e+00
   -2.192736077234025e+00
   -2.189083717327348e+00
   -2.185582494785114e+00
   -2.182576759050533e+00
   -2.181631919284588e+00
   -2.182502539860787e+00
   -2.182327109514814e+00
   -2.180004946518597e+00
   -2.177559262099678e+00
   -2.174489076336896e+00
   -2.170539134039993e+00
   -2.166450586187033e+00
   -2.161553083866542e+00
   -2.156400293253292e+00
   -2.151629959057189e+00
   -2.146059397873455e+00
   -2.140710992810077e+00
   -2.134489086989313e+00
   -2.126115138427243e+00
   -2.117305782332638e+00
   -2.108720947865825e+00
   -2.101843054970168e+00
   -2.095535850672867e+00
   -2.087907904772317e+00
   -2.080012887795253e+00
   -2.072169741700594e+00
   -2.065178268078119e+00
   -2.058067414419352e+00
   -2.050920251722586e+00
   -2.044671922105763e+00
   -2.038485796233299e+00
   -2.033386196469873e+00
   -2.029702298243395e+00
   -2.027954188319059e+00
   -2.027352042327402e+00
   -2.025039294677704e+00
   -2.021457150057079e+00
   -2.016575971893588e+00
   -2.009472305051689e+00
   -2.000788716365946e+00
   -1.991706480233767e+00
   -1.981529508300146e+00
   -1.967575232019652e+00
   -1.950989424691265e+00
   -1.935055827161281e+00
   -1.919811802833598e+00
   -1.902845422367079e+00
   -1.884677739654835e+00
   -1.865070156261484e+00
   -1.843840644887873e+00
   -1.822800006382795e+00
   -1.802485185155086e+00
   -1.782438202946552e+00
   -1.761861158077687e+00
   -1.740864105111794e+00
   -1.720380903167664e+00
   -1.700151889647575e+00
   -1.678030885285342e+00
   -1.654685338776374e+00
   -1.630925140566506e+00
   -1.608462944187078e+00
   -1.586672161221847e+00
   -1.565792099334546e+00
   -1.545388202771911e+00
   -1.526514029370958e+00
   -1.509310732753621e+00
   -1.493138768309314e+00
   -1.476705097780773e+00
   -1.460889358646882e+00
   -1.444049165043676e+00
   -1.426599223875485e+00
   -1.410815593933173e+00
   -1.395292097813915e+00
   -1.381400487794850e+00
   -1.369004208448779e+00
   -1.358848106862383e+00
   -1.351795113657956e+00
   -1.346871026515938e+00
   -1.343651362283139e+00
   -1.339146137818725e+00
   -1.333148677253424e+00
   -1.330187202595277e+00
   -1.327123718325166e+00
   -1.321811489179096e+00
   -1.315372253867117e+00
   -1.308539523763930e+00
   -1.302191101203365e+00
   -1.297543989724734e+00
   -1.293824266059410e+00
   -1.289204898963263e+00
   -1.283186532397996e+00
   -1.277928912609544e+00
   -1.274540314964605e+00
   -1.271581850224873e+00
   -1.269015098271483e+00
   -1.266327272007465e+00
   -1.262642857620282e+00
   -1.255908792530809e+00
   -1.247447956592013e+00
   -1.236930482360436e+00
   -1.228223731609933e+00
   -1.220343958373498e+00
   -1.212807405487168e+00
   -1.207316505810551e+00
   -1.204687326678834e+00
   -1.203450321377157e+00
   -1.205001370946991e+00
   -1.208910664633438e+00
   -1.214301910180031e+00
   -1.220291682646017e+00
   -1.228101709239191e+00
   -1.236555720705501e+00
   -1.245736248638410e+00
   -1.251723768201041e+00
   -1.253719319043591e+00
   -1.254001165488590e+00
   -1.253012811871821e+00
   -1.250741967238850e+00
   -1.247175657993389e+00
   -1.241456343199215e+00
   -1.234428884142522e+00
   -1.228510905534428e+00
   -1.223342923362372e+00
   -1.218870447206503e+00
   -1.216504300411520e+00
   -1.218615073258872e+00
   -1.223787503652671e+00
   -1.229680198654361e+00
   -1.233956011989721e+00
   -1.237226019289760e+00
   -1.241913174321480e+00
   -1.248813024518064e+00
   -1.256731888724110e+00
   -1.263274554987454e+00
   -1.268325086680277e+00
   -1.272447183961293e+00
   -1.274738526692441e+00
   -1.277531992171761e+00
   -1.281041348982814e+00
   -1.282642103437533e+00
   -1.282112193538278e+00
   -1.278279947911592e+00
   -1.272633463923701e+00
   -1.266437335786003e+00
   -1.261225538759452e+00
   -1.256494130985537e+00
   -1.253025577455394e+00
   -1.249484459327702e+00
   -1.243282660812791e+00
   -1.237106479721290e+00
   -1.231747652980193e+00
   -1.225416556995922e+00
   -1.219695488733405e+00
   -1.215023792252819e+00
   -1.210694088998674e+00
   -1.205825517537376e+00
   -1.201393555520446e+00
   -1.198052408572032e+00
   -1.193113786557030e+00
   -1.186551200906622e+00
   -1.177447279000736e+00
   -1.164122732597192e+00
   -1.150321353685122e+00
   -1.134809019903305e+00
   -1.117822887545108e+00
   -1.101689789360465e+00
   -1.087494076402773e+00
   -1.073906056671186e+00
   -1.058859696955933e+00
   -1.043391044403427e+00
   -1.027872462827697e+00
   -1.011828619359120e+00
   -9.952897299824187e-01
   -9.787433463412404e-01
   -9.631767339948151e-01
   -9.456800791544233e-01
   -9.257637169930243e-01
   -9.079946281149742e-01
   -8.937230164271942e-01
   -8.827780452352463e-01
   -8.747029549065108e-01
   -8.668827943556137e-01
   -8.565175286536294e-01
   -8.446969438014293e-01
   -8.332241178724963e-01
   -8.230924407764364e-01
   -8.136200838702715e-01
   -8.039411929921593e-01
   -7.955616349759072e-01
   -7.877428300870746e-01
   -7.799811873791744e-01
   -7.703472132245014e-01
   -7.586911668052743e-01
   -7.463757039858909e-01
   -7.321065569737307e-01
   -7.173636913345784e-01
   -7.052405322774620e-01
   -6.946658877896045e-01
   -6.834490830242288e-01
   -6.688181590075399e-01
   -6.516966822328297e-01
   -6.341087216027590e-01
   -6.142433599549797e-01
   -5.944798390821813e-01
   -5.768071542380041e-01
   -5.614903591550803e-01
   -5.455708464264822e-01
   -5.296403414298474e-01
   -5.134280382681726e-01
   -4.966760913075409e-01
   -4.785459541555335e-01
   -4.589711517238362e-01
   -4.366475820251995e-01
   -4.127782323840198e-01
   -3.890533262313885e-01
   -3.673580944456306e-01
   -3.480677005234952e-01
   -3.304275940754887e-01
   -3.127670789571542e-01
   -2.955536721450627e-01
   -2.771915738111644e-01
   -2.589939458943005e-01
   -2.426393352192334e-01
   -2.253149811397801e-01
   -2.085232384716223e-01
   -1.926333148190597e-01
   -1.768337785359133e-01
   -1.611351476496974e-01
   -1.463816691766197e-01
   -1.312409898758285e-01
   -1.149246415012661e-01
   -9.998371161175552e-02
   -8.970323517388475e-02
   -8.299658145417639e-02
   -7.844691517299769e-02
   -7.343760032066061e-02
   -6.825722298919469e-02
   -6.248814123159364e-02
   -5.546286292015348e-02
   -4.900306942959387e-02
   -4.436998451110080e-02
   -4.130703383150101e-02
   -3.851986940286188e-02
   -3.494142799620498e-02
   -3.220732640766663e-02
   -3.052195701059746e-02
   -2.718210167924370e-02
   -2.497037850786181e-02
   -2.407675983697673e-02
   -2.134084027645404e-02
   -1.720388285140426e-02
   -1.202550255018307e-02
   -7.814684947224107e-03
   -6.607423258600628e-03
   -7.209068268047285e-03
   -7.979164200697920e-03
   -7.332827933934354e-03
