   -1.606440932805875e-02
    0.000000000000000e+00
    1.740940499924082e-02
    3.397871231791705e-02
    4.963428312708307e-02
    6.720083985451064e-02
    8.619936946121315e-02
    1.043659480704217e-01
    1.209247360377946e-01
    1.362029349484068e-01
    1.522759816499384e-01
    1.667829726463720e-01
    1.786570707777135e-01
    1.902147458946279e-01
    2.040817361968473e-01
    2.186735976634828e-01
    2.325507523742340e-01
    2.452281305540408e-01
    2.588680354571515e-01
    2.734070520123517e-01
    2.878966633644620e-01
    3.017893818020591e-01
    3.151634089521311e-01
    3.281657101790459e-01
    3.402512449511225e-01
    3.526904250189141e-01
    3.642646377973019e-01
    3.743300530357582e-01
    3.838737326519500e-01
    3.938403771232442e-01
    4.065877025853900e-01
    4.182832241927030e-01
    4.304790772241014e-01
    4.456387256196280e-01
    4.611511005298210e-01
    4.758029245339034e-01
    4.891832367998716e-01
    5.035856497374993e-01
    5.170431056273393e-01
    5.295359890054019e-01
    5.400255242360027e-01
    5.473587818993404e-01
    5.543064276598224e-01
    5.630110441640124e-01
    5.716954671068936e-01
    5.801027010338546e-01
    5.867189964005201e-01
    5.921671527010207e-01
    5.991019472120168e-01
    6.052416049298125e-01
    6.073817770783722e-01
    6.066699858564428e-01
    6.047456677367116e-01
    6.014992721354758e-01
    5.971174207273872e-01
    5.913911647880774e-01
    5.846943226363002e-01
    5.754807664610035e-01
    5.645367951812631e-01
    5.530449181799844e-01
    5.409588944607817e-01
    5.265869374888982e-01
    5.109940083621289e-01
    4.942509080123578e-01
    4.780060510143601e-01
    4.647266992376752e-01
    4.510874549141332e-01
    4.363771487047871e-01
    4.203673012729914e-01
    4.006905569604937e-01
    3.782050781270453e-01
    3.561196792576735e-01
    3.338896071763219e-01
    3.115901464303936e-01
    2.900830632829055e-01
    2.701460547777857e-01
    2.509261231686584e-01
    2.304928284139445e-01
    2.121102566046345e-01
    1.945862935280880e-01
    1.772201554147645e-01
    1.597787417154882e-01
    1.419492834255961e-01
    1.241298779288008e-01
    1.075179477812251e-01
    9.068956588375721e-02
    7.252759948866094e-02
    5.401466603114380e-02
    3.403314643829813e-02
    1.324457344343910e-02
   -6.832230579446930e-03
   -2.712970221848765e-02
   -4.827604843897348e-02
   -7.202594416766583e-02
   -9.669983751268796e-02
   -1.226116334172561e-01
   -1.489508225304056e-01
   -1.751694787503232e-01
   -2.005451387893671e-01
   -2.260660940718162e-01
   -2.521726403321617e-01
   -2.772532115079129e-01
   -3.030970006603082e-01
   -3.291399146391291e-01
   -3.534259556251689e-01
   -3.751650079628708e-01
   -3.935513896362984e-01
   -4.131279875915352e-01
   -4.328849180278601e-01
   -4.510730120695411e-01
   -4.701245010213507e-01
   -4.878286678200062e-01
   -5.058615548578093e-01
   -5.255957282417535e-01
   -5.437040559288867e-01
   -5.596620277139045e-01
   -5.756997082287972e-01
   -5.918450310706312e-01
   -6.088021493813677e-01
   -6.247534924334360e-01
   -6.396909817507618e-01
   -6.560223228484102e-01
   -6.726077222496586e-01
   -6.879751514574349e-01
   -7.028815658073649e-01
   -7.179225456326778e-01
   -7.328155886460109e-01
   -7.467620326534333e-01
   -7.595079931232555e-01
   -7.726639546776447e-01
   -7.857249119923549e-01
   -7.991480050310112e-01
   -8.149675067235581e-01
   -8.331210635453700e-01
   -8.542363056417132e-01
   -8.774717423723543e-01
   -9.007807104137034e-01
   -9.212615296652972e-01
   -9.395403970650610e-01
   -9.562433085072480e-01
   -9.732729500625038e-01
   -9.898818805746806e-01
   -1.006953602226770e+00
   -1.024284438197227e+00
   -1.041241704749630e+00
   -1.058430893732691e+00
   -1.076193390220358e+00
   -1.094296042448153e+00
   -1.111416104878590e+00
   -1.129076814026466e+00
   -1.148183345889022e+00
   -1.167196353362758e+00
   -1.185501712414343e+00
   -1.205678322067464e+00
   -1.227683046528757e+00
   -1.247549527734173e+00
   -1.263763763383448e+00
   -1.277083916523053e+00
   -1.289776684653995e+00
   -1.302675001748602e+00
   -1.316255317704166e+00
   -1.330368235244106e+00
   -1.343971179556850e+00
   -1.359064818969490e+00
   -1.375213608091274e+00
   -1.389968295659110e+00
   -1.403732618361639e+00
   -1.415629578721131e+00
   -1.427007965863020e+00
   -1.439027762066250e+00
   -1.452532189709315e+00
   -1.469007974834809e+00
   -1.484012244545860e+00
   -1.495760943413909e+00
   -1.506492831386872e+00
   -1.518494105472397e+00
   -1.530763185778795e+00
   -1.542054456183285e+00
   -1.553393758268267e+00
   -1.565272455905146e+00
   -1.579541402571278e+00
   -1.593827232874129e+00
   -1.607772774642397e+00
   -1.621240948381593e+00
   -1.634653706762355e+00
   -1.651858890704240e+00
   -1.672215028629757e+00
   -1.692139264952167e+00
   -1.713784853263849e+00
   -1.735201433548754e+00
   -1.755884588748890e+00
   -1.777088034402440e+00
   -1.798168321087822e+00
   -1.817343258499039e+00
   -1.834988263291139e+00
   -1.848852312930218e+00
   -1.861767936262743e+00
   -1.874326275418784e+00
   -1.884578315066631e+00
   -1.894483902480589e+00
   -1.904939751829180e+00
   -1.915511362865598e+00
   -1.925553818578356e+00
   -1.933122956134056e+00
   -1.941076015349119e+00
   -1.950555471845128e+00
   -1.960297708155212e+00
   -1.969482710110009e+00
   -1.975231449252111e+00
   -1.979022628450742e+00
   -1.982089714325246e+00
   -1.983835856873547e+00
   -1.985571586750234e+00
   -1.989881781802465e+00
   -1.994069163846434e+00
   -1.995772465027582e+00
   -1.995308446648353e+00
   -1.994982525431369e+00
   -1.996142247475522e+00
   -1.996172552338670e+00
   -1.996194790164909e+00
   -1.998889380493127e+00
   -2.004035418739570e+00
   -2.008068506257863e+00
   -2.011132344869238e+00
   -2.014707016106313e+00
   -2.017311204625921e+00
   -2.018167312577122e+00
   -2.018437685717939e+00
   -2.018479342409205e+00
   -2.017314807872459e+00
   -2.014203779728638e+00
   -2.009414979545133e+00
   -2.006549105741924e+00
   -2.004241695435633e+00
   -2.001376247668563e+00
   -1.999611948163966e+00
   -1.998518886325242e+00
   -1.996388416353258e+00
   -1.992443895675907e+00
   -1.986741714604390e+00
   -1.981182472535244e+00
   -1.977823421275236e+00
   -1.976184811806976e+00
   -1.973692803598134e+00
   -1.969667906792992e+00
   -1.963674711516273e+00
   -1.955926629786818e+00
   -1.946708636986649e+00
   -1.936871100702709e+00
   -1.925466405932155e+00
   -1.911308151288113e+00
   -1.895460049580886e+00
   -1.880439306715059e+00
   -1.866484306273216e+00
   -1.851309429624046e+00
   -1.837341053964535e+00
   -1.824129738222268e+00
   -1.810827897524902e+00
   -1.796801874062801e+00
   -1.785023951691457e+00
   -1.774281934591499e+00
   -1.762877301906501e+00
   -1.752103759388754e+00
   -1.743189614636588e+00
   -1.733545933490787e+00
   -1.722107206635370e+00
   -1.711204950977613e+00
   -1.698344641735589e+00
   -1.686588967822565e+00
   -1.678011281584783e+00
   -1.669167784644012e+00
   -1.660256745370435e+00
   -1.651549097657226e+00
   -1.642726805273485e+00
   -1.633596841036691e+00
   -1.623488975365516e+00
   -1.613940203523623e+00
   -1.604410531273056e+00
   -1.596996684963293e+00
   -1.591764882068556e+00
   -1.587136368092518e+00
   -1.583314998190253e+00
   -1.580339386576373e+00
   -1.577685454244015e+00
   -1.575112160170316e+00
   -1.571318667328463e+00
   -1.566456547922804e+00
   -1.561844811656727e+00
   -1.556979482087176e+00
   -1.551455246074450e+00
   -1.547234868821468e+00
   -1.544654076198865e+00
   -1.541123175538796e+00
   -1.537937931434190e+00
   -1.534760034857437e+00
   -1.531929533455920e+00
   -1.529246441857503e+00
   -1.527171405490793e+00
   -1.525852478413003e+00
   -1.522348077804760e+00
   -1.516972330779339e+00
   -1.508422593866176e+00
   -1.495275780892099e+00
   -1.480715665946694e+00
   -1.465686453060597e+00
   -1.451184014925624e+00
   -1.439650189811088e+00
   -1.429377208578198e+00
   -1.418737269295044e+00
   -1.410129392444946e+00
   -1.404224496433216e+00
   -1.398529907538204e+00
   -1.392891844272281e+00
   -1.388061089693442e+00
   -1.382645043796437e+00
   -1.377356864144463e+00
   -1.372100837474615e+00
   -1.366791346934408e+00
   -1.362703369632172e+00
   -1.358741736087100e+00
   -1.354655399768103e+00
   -1.350342632613915e+00
   -1.345273364051017e+00
   -1.340753760247620e+00
   -1.336087419413851e+00
   -1.330124467654083e+00
   -1.323569085310457e+00
   -1.317944564104408e+00
   -1.311543729150578e+00
   -1.306907886067123e+00
   -1.302178955839607e+00
   -1.294955791219374e+00
   -1.284214405048643e+00
   -1.271668209029325e+00
   -1.258103554632835e+00
   -1.245350609411683e+00
   -1.233615915961377e+00
   -1.219274401050372e+00
   -1.202077944911575e+00
   -1.180380190883302e+00
   -1.157093090393408e+00
   -1.133773483057388e+00
   -1.106521981851005e+00
   -1.079042297067576e+00
   -1.050662233912803e+00
   -1.021251257365716e+00
   -9.920366377785644e-01
   -9.631335010793897e-01
   -9.360979873564895e-01
   -9.085838462360997e-01
   -8.785142198522254e-01
   -8.474784923959898e-01
   -8.166009249090976e-01
   -7.844407016029259e-01
   -7.510228492280840e-01
   -7.168884232664455e-01
   -6.809759539234178e-01
   -6.454642810929790e-01
   -6.108389500608878e-01
   -5.785475156352217e-01
   -5.457431570949004e-01
   -5.098241025133788e-01
   -4.707878821099071e-01
   -4.293553511448495e-01
   -3.877146283271229e-01
   -3.449622598370468e-01
   -3.013272064476330e-01
   -2.566005399710196e-01
   -2.109000818776945e-01
   -1.648355975496500e-01
   -1.192173450981008e-01
   -7.466143287316285e-02
   -2.951602511336870e-02
    1.691520440062932e-02
    6.674354117033010e-02
    1.190297046190333e-01
    1.713173611820381e-01
    2.217097064859985e-01
    2.704650329413837e-01
    3.174682423777404e-01
    3.643507850579392e-01
    4.109059684186637e-01
    4.539259381320260e-01
    4.951868868952787e-01
    5.337953739765628e-01
    5.687943874518895e-01
    6.019814498846642e-01
    6.346823234844778e-01
    6.705360048597325e-01
    7.094751614372096e-01
    7.509226779780045e-01
    7.916339022863366e-01
    8.310304237241219e-01
    8.674805944011368e-01
    9.018876102597170e-01
    9.360335087786421e-01
    9.711864813547118e-01
    1.008171251766514e+00
    1.045575523096550e+00
    1.084538170789578e+00
    1.124364871391361e+00
    1.162726424790057e+00
    1.199299497762139e+00
    1.234357186081946e+00
    1.268738135052863e+00
    1.303536239068892e+00
    1.338455247343134e+00
    1.373593718718624e+00
    1.408443781352156e+00
    1.442845548852563e+00
    1.477671717394863e+00
    1.514374399678462e+00
    1.552906788233184e+00
    1.591265821296980e+00
    1.629454831996700e+00
    1.665910841318529e+00
    1.700185863938409e+00
    1.734251169240399e+00
    1.766960017778569e+00
    1.797115379869132e+00
    1.826427903737218e+00
    1.853916247743916e+00
    1.881473137641994e+00
    1.907931665901978e+00
    1.932738256614088e+00
    1.958171647498689e+00
    1.986248111322613e+00
    2.015445125229022e+00
    2.044855261769638e+00
    2.074485856039566e+00
    2.103427174339447e+00
    2.132224849459439e+00
    2.160436106453171e+00
    2.189286060035161e+00
    2.219443652400752e+00
    2.248752824601427e+00
    2.279030644115369e+00
    2.311622912292751e+00
    2.343956262364193e+00
    2.374026927794290e+00
    2.404666011135917e+00
    2.437660331132349e+00
    2.471475499105575e+00
    2.503815646208619e+00
    2.532359553056833e+00
    2.556335725985443e+00
    2.576503138413825e+00
    2.593762568917546e+00
    2.612036362650124e+00
    2.631054898526669e+00
    2.647217442475752e+00
    2.661626843866887e+00
    2.675323989583475e+00
    2.688055604327316e+00
    2.701331246443275e+00
    2.713830977143850e+00
    2.726077880802720e+00
    2.740268580245264e+00
    2.752607505745033e+00
    2.761622397507208e+00
    2.769593306509721e+00
    2.778798218724552e+00
    2.789314553583640e+00
    2.799818825565349e+00
    2.810323794798878e+00
    2.818516945788375e+00
    2.824912930671920e+00
    2.832343843777963e+00
    2.837513071806467e+00
    2.839590150698897e+00
    2.841461849888376e+00
    2.843237198798517e+00
    2.843783824077935e+00
    2.845913821151547e+00
    2.849912103098184e+00
    2.852414096777040e+00
    2.852217322411497e+00
    2.849769534727902e+00
    2.846355865384155e+00
    2.843013019897509e+00
    2.841206217292103e+00
    2.841533910937221e+00
    2.841792197856592e+00
    2.841823223856256e+00
    2.841367519218987e+00
    2.842415195844235e+00
    2.844711427631117e+00
    2.846729635642980e+00
    2.847299801766395e+00
    2.848002257063101e+00
    2.849386482567311e+00
    2.851135132349762e+00
    2.851807148244028e+00
    2.853397834270827e+00
    2.858055690775004e+00
    2.866236578624040e+00
    2.878299405133742e+00
    2.889701904054051e+00
    2.898928983522450e+00
    2.907337703884579e+00
    2.915468370536018e+00
    2.925188361968021e+00
    2.938181649923353e+00
    2.952631324547669e+00
    2.967626475793820e+00
    2.982243232891034e+00
    2.996783474791703e+00
    3.010377819544071e+00
    3.021882594452585e+00
    3.032409277349194e+00
    3.043517295582941e+00
    3.054655158841747e+00
    3.062717885571207e+00
    3.069951048845396e+00
    3.077758664507347e+00
    3.085926820888062e+00
    3.094311550578205e+00
    3.102478768924827e+00
    3.109199638121489e+00
    3.117610622315127e+00
    3.129215201354539e+00
    3.141897615170115e+00
    3.156494447204140e+00
    3.171945749219404e+00
    3.184809248091601e+00
    3.194529154167440e+00
    3.204959019093626e+00
    3.213901813942952e+00
    3.221194495719711e+00
    3.228777827266429e+00
    3.236973044822126e+00
    3.248134293842567e+00
    3.262600450696931e+00
    3.276448473534762e+00
    3.288776372169966e+00
    3.299175426106312e+00
    3.306530537474441e+00
    3.314053058424130e+00
    3.322057300257431e+00
    3.329120390669239e+00
    3.333342010491090e+00
    3.337164247712723e+00
    3.341386414866164e+00
    3.345735227129639e+00
    3.351018350860552e+00
    3.359808653196076e+00
    3.369811415673201e+00
    3.380679848305809e+00
    3.391882795345816e+00
    3.403996274228493e+00
    3.415080135078527e+00
    3.427113307964901e+00
    3.440518247386833e+00
    3.453431885097308e+00
    3.463645149483741e+00
    3.472042319151934e+00
    3.479082269915304e+00
    3.485842962659411e+00
    3.493516682253651e+00
    3.502517166916225e+00
    3.512031259653190e+00
    3.520260299706579e+00
    3.527057541386130e+00
    3.532385220568383e+00
    3.539671434298666e+00
    3.547064961533043e+00
    3.552584316674770e+00
    3.556275375968272e+00
    3.558669715934309e+00
    3.559933301983842e+00
    3.559979426494934e+00
    3.559199251591717e+00
    3.555543895750051e+00
    3.549302733026845e+00
    3.541849129265377e+00
    3.533062629408521e+00
    3.523737701132847e+00
    3.515703841490738e+00
    3.509125362847849e+00
    3.504259735564920e+00
    3.499715111276791e+00
    3.494416789265469e+00
    3.486345326996289e+00
    3.477801902656613e+00
    3.468829071687063e+00
    3.458822843974182e+00
    3.450511967552033e+00
    3.441177008350333e+00
    3.430299029856302e+00
    3.418516835118371e+00
    3.406913016128863e+00
    3.399276449523668e+00
    3.394688083850677e+00
    3.390492700413757e+00
    3.384614888852771e+00
    3.376253013331018e+00
    3.363937802285017e+00
    3.348579182790474e+00
    3.330689739649594e+00
    3.312156174304190e+00
    3.293071369856369e+00
    3.272125278768817e+00
    3.249873837722810e+00
    3.226481685474230e+00
    3.203505180703115e+00
    3.183534934200294e+00
    3.165675048791263e+00
    3.147921002646516e+00
    3.130243636267797e+00
    3.109047767054545e+00
    3.084864944411986e+00
    3.061057015535864e+00
    3.038865980071101e+00
    3.017233474185561e+00
    2.996684578690280e+00
    2.975840537668752e+00
    2.954564611424280e+00
    2.934623200550492e+00
    2.916611598520179e+00
    2.899238014154718e+00
    2.880405214832904e+00
    2.861657061782941e+00
    2.844683281224497e+00
    2.830401210166833e+00
    2.817898326309459e+00
    2.805318778123454e+00
    2.794051998539809e+00
    2.786903540719616e+00
    2.784234158725654e+00
    2.781259081204106e+00
    2.778211796789864e+00
    2.776890705311285e+00
    2.775269064073084e+00
    2.772501994593970e+00
    2.769992925118630e+00
    2.766906007448348e+00
    2.763732835025293e+00
    2.758000970238903e+00
    2.751033442943091e+00
    2.746864210047463e+00
    2.742631717361607e+00
    2.736782095097238e+00
    2.732168479520908e+00
    2.728396864350575e+00
    2.726189311688290e+00
    2.722590066336876e+00
    2.716318642018135e+00
    2.708484057955658e+00
    2.699676962894834e+00
    2.690195016705448e+00
    2.680744690032883e+00
    2.672673481088344e+00
    2.665678472636639e+00
    2.658174817146372e+00
    2.650971634817449e+00
    2.641892418487942e+00
    2.630188393294048e+00
    2.616964732643699e+00
    2.603344601149255e+00
    2.588577334675316e+00
    2.574481434832104e+00
    2.560738955726245e+00
    2.546301006825962e+00
    2.531148276546669e+00
    2.512839006969587e+00
    2.491785832686638e+00
    2.467724333609922e+00
    2.442666848908265e+00
    2.417382795522688e+00
    2.392569890741428e+00
    2.370633932295245e+00
    2.349627616722556e+00
    2.328233585151338e+00
    2.304929575183681e+00
    2.279457118976089e+00
    2.254173301804250e+00
    2.231083683373408e+00
    2.209111074877891e+00
    2.186242143832605e+00
    2.160716049118179e+00
    2.134271449493551e+00
    2.109037538491131e+00
    2.086124947167638e+00
    2.063488482237073e+00
    2.040816759299036e+00
    2.018998621513938e+00
    1.996802606611010e+00
    1.974710327256598e+00
    1.950644248578477e+00
    1.925910303142811e+00
    1.899947512098709e+00
    1.870651727220371e+00
    1.838616199482733e+00
    1.805057202208577e+00
    1.771780034017043e+00
    1.737514785097160e+00
    1.701963881350972e+00
    1.666238768365680e+00
    1.630984980546884e+00
    1.595426523829896e+00
    1.562177087269802e+00
    1.530689485847546e+00
    1.500271884283335e+00
    1.470109113354658e+00
    1.440686774678657e+00
    1.414921803860512e+00
    1.393680034831599e+00
    1.374043605089636e+00
    1.354574699039775e+00
    1.334959894655054e+00
    1.317372747294681e+00
    1.302308405111925e+00
    1.290567588681091e+00
    1.281870764454542e+00
    1.274411927578007e+00
    1.265185988826912e+00
    1.254711871384413e+00
    1.243861052007568e+00
    1.234107691810759e+00
    1.226540607259156e+00
    1.219956370196931e+00
    1.213522557917486e+00
    1.204964023976375e+00
    1.195434995861087e+00
    1.186512007046525e+00
    1.175393940658535e+00
    1.160802752568718e+00
    1.146937741493146e+00
    1.133861710901173e+00
    1.122094808506105e+00
    1.110362537891884e+00
    1.099866565014361e+00
    1.091902674713653e+00
    1.085900280458824e+00
    1.079821936709504e+00
    1.072458233136414e+00
    1.063873023174207e+00
    1.056230036656798e+00
    1.050128671635136e+00
    1.044736050106210e+00
    1.038147430338528e+00
    1.031121123265680e+00
    1.023135531868820e+00
    1.014247669528634e+00
    1.003565920540344e+00
    9.925151588510200e-01
    9.807376702241539e-01
    9.702486368602310e-01
    9.626562834183525e-01
    9.562485857773151e-01
    9.540338747575814e-01
    9.547423558348753e-01
    9.548959937486330e-01
    9.538593348325868e-01
    9.536359353951558e-01
    9.546093718899328e-01
    9.519885729274415e-01
    9.428876634963239e-01
    9.297697424309008e-01
    9.155841957245312e-01
    9.008493894571907e-01
    8.836553591304424e-01
    8.637897177197870e-01
    8.430899819277986e-01
    8.229289761507139e-01
    8.027870528605170e-01
    7.833479810881465e-01
    7.643373193791312e-01
    7.461553235331417e-01
    7.282308891953239e-01
    7.103842052240632e-01
    6.915680609703116e-01
    6.730486242257254e-01
    6.566823628518550e-01
    6.421474741749238e-01
    6.274649090726360e-01
    6.122757582622526e-01
    5.965235060113740e-01
    5.792487474987027e-01
    5.629913536682607e-01
    5.463475697824121e-01
    5.303467288147533e-01
    5.150472194646941e-01
    4.969504425374470e-01
    4.780889472251506e-01
    4.618343897290259e-01
    4.453267033834389e-01
    4.267864510300929e-01
    4.116704725116547e-01
    3.989200904307273e-01
    3.867132351860971e-01
    3.742026513646178e-01
    3.624244941019713e-01
    3.532035069985101e-01
    3.421611144888507e-01
    3.295269939677157e-01
    3.168257328422966e-01
    3.058840071043323e-01
    2.960405595682089e-01
    2.856737612105926e-01
    2.752580538676949e-01
    2.662565153823495e-01
    2.586521822821275e-01
    2.521801663923376e-01
    2.455457047480358e-01
    2.383062065320000e-01
    2.307131814822482e-01
    2.215302788184716e-01
    2.131695843986458e-01
    2.039602909951558e-01
    1.945488731340696e-01
    1.860399661311486e-01
    1.790863652747072e-01
    1.728015200922813e-01
    1.654641622539033e-01
    1.562760831359785e-01
    1.493146761903496e-01
    1.451625088139328e-01
    1.414058571505315e-01
    1.394619949169941e-01
    1.391025705910424e-01
    1.398255796661655e-01
    1.412475744120083e-01
    1.453079182295866e-01
    1.502975159942972e-01
    1.551700534873413e-01
    1.599577708266007e-01
    1.623901912759522e-01
    1.632361726600522e-01
    1.648516675654879e-01
    1.666393628930486e-01
    1.696396629211532e-01
    1.724495972439037e-01
    1.753402062815305e-01
    1.784408309695433e-01
    1.805176174573864e-01
    1.828525612905461e-01
    1.839560321524388e-01
    1.842640468504927e-01
    1.854943953583785e-01
    1.887990290260788e-01
    1.921925491008307e-01
    1.936008418173548e-01
    1.943984279334056e-01
    1.942503685288847e-01
    1.951438610078207e-01
    1.960948996902215e-01
    1.963560107621690e-01
    1.959878882166980e-01
    1.956297869025611e-01
    1.945586620384167e-01
    1.929073094715194e-01
    1.902186796165733e-01
    1.866344492927366e-01
    1.824008907350396e-01
    1.770601558605464e-01
    1.716936635350764e-01
    1.676543345574250e-01
    1.652787127835651e-01
    1.623968407064478e-01
    1.579082339671903e-01
    1.509388217577727e-01
    1.430693836565453e-01
    1.336247863135901e-01
    1.224277306476587e-01
    1.124485237550208e-01
    1.025570623740020e-01
    9.112815230408244e-02
    7.947733240746613e-02
    6.778094597046203e-02
    5.555263744872818e-02
    4.448275329776707e-02
    3.355547452504770e-02
    2.235356509696895e-02
    1.066365464111485e-02
   -3.194167529211311e-03
   -1.763658033601767e-02
   -3.145200282239269e-02
   -4.489677880372489e-02
   -5.693571559223387e-02
   -6.819171336769558e-02
   -7.862557785098701e-02
   -8.851014667342594e-02
   -9.824827070894782e-02
   -1.055596125574242e-01
   -1.134958168074353e-01
   -1.215544890165853e-01
   -1.293579072845811e-01
   -1.377238308480968e-01
   -1.472137883440243e-01
   -1.556459154055775e-01
   -1.636509588626242e-01
   -1.691858008935154e-01
   -1.725932807118872e-01
   -1.780102870620823e-01
   -1.850809228166223e-01
   -1.941528116096898e-01
   -2.002612755348318e-01
   -2.016872405862306e-01
   -2.004704926433911e-01
   -1.984148847877788e-01
   -1.982571618728444e-01
   -1.982889784974092e-01
   -1.958852197155875e-01
   -1.935230941088872e-01
   -1.934876306920486e-01
   -1.932171712615594e-01
   -1.930995555687277e-01
   -1.942866445688213e-01
   -1.937317113467879e-01
   -1.912686426217591e-01
   -1.875333689849945e-01
   -1.850584987539863e-01
   -1.838752304988112e-01
   -1.831287444048888e-01
   -1.821542375297417e-01
   -1.821671614488402e-01
   -1.829725148233018e-01
   -1.863841971490539e-01
   -1.910003035993411e-01
   -1.951395501015337e-01
   -1.990982891367267e-01
   -2.025465511486058e-01
   -2.040378633515771e-01
   -2.048967725575840e-01
   -2.040258372268415e-01
   -2.025742782376890e-01
   -2.002465311879338e-01
   -1.969449823312807e-01
   -1.946591608762420e-01
   -1.929171921966900e-01
   -1.920721620347272e-01
   -1.953597684830983e-01
   -1.992478349941986e-01
   -2.020647653011930e-01
   -2.021677389891018e-01
   -2.009627327617188e-01
   -2.001891055061560e-01
   -1.970531909217931e-01
   -1.937779029032317e-01
   -1.900476401842093e-01
   -1.855281598763657e-01
   -1.821567152187795e-01
   -1.808220023926126e-01
   -1.805707602456956e-01
   -1.818056226744590e-01
   -1.806615488733417e-01
   -1.793163969790873e-01
   -1.800316010473316e-01
   -1.823278724931858e-01
   -1.852690637455272e-01
   -1.883244171400092e-01
   -1.919410904183647e-01
   -1.958709306139359e-01
   -1.974131623010730e-01
   -1.993005095258997e-01
   -2.011714102225253e-01
   -2.016763182004611e-01
   -1.998276858335954e-01
   -1.983293932104530e-01
   -1.985934737928929e-01
   -2.019904236039818e-01
   -2.078214793715423e-01
   -2.133473160614797e-01
   -2.188727102986847e-01
   -2.239494369738826e-01
   -2.265575136587610e-01
   -2.262429810852028e-01
   -2.241530755916176e-01
   -2.204693423427788e-01
   -2.185585619158149e-01
   -2.174985946849946e-01
   -2.142396862356869e-01
   -2.076298859572090e-01
   -1.997355138325025e-01
   -1.911909008021055e-01
   -1.788540763176459e-01
   -1.636270795832240e-01
   -1.476364707426810e-01
   -1.332658806671253e-01
   -1.215133698080094e-01
   -1.130713880197507e-01
   -1.074331378719053e-01
   -1.010213364385761e-01
   -9.598219060001145e-02
   -9.175726690092456e-02
   -9.093922207336902e-02
   -9.119694097651454e-02
   -8.976185919977142e-02
   -8.834375922705462e-02
   -8.709663340716978e-02
   -8.341772440804751e-02
   -7.973660900287760e-02
   -7.667509775554304e-02
   -7.232957515382810e-02
   -6.739499211574707e-02
   -5.930677169788245e-02
   -4.736841321074570e-02
   -3.280925784776134e-02
