    4.546129407890481e-03
    8.403680821046589e-03
    1.252842107602467e-02
    1.761040102089700e-02
    2.326050783310710e-02
    2.961067732201614e-02
    3.571385027826041e-02
    4.241649817788795e-02
    4.951826127320841e-02
    5.617180899502550e-02
    6.217471671688879e-02
    6.871270014238637e-02
    7.610941920798292e-02
    8.413462816918232e-02
    9.168465306386903e-02
    9.861859288600361e-02
    1.038035054340908e-01
    1.077889228735863e-01
    1.132746017583999e-01
    1.181417547134986e-01
    1.215352254348372e-01
    1.243944709568264e-01
    1.252296253084680e-01
    1.241407818626423e-01
    1.230299709823258e-01
    1.215527937617608e-01
    1.191346122170360e-01
    1.166111992963340e-01
    1.131410765582872e-01
    1.101492175455611e-01
    1.059728070900243e-01
    1.015436517128175e-01
    9.903584759510620e-02
    9.654313566121625e-02
    9.224551581765078e-02
    9.011397704586177e-02
    8.855732465742827e-02
    8.606992034340444e-02
    8.298459741472419e-02
    7.998649145727382e-02
    7.781361870260961e-02
    7.682633258064908e-02
    7.687737110004067e-02
    7.866090725297203e-02
    7.967596454464188e-02
    8.048073721833565e-02
    8.273008692662059e-02
    8.378142600762867e-02
    8.557415552655789e-02
    8.764788965064751e-02
    8.735923803125606e-02
    8.763625527871899e-02
    9.092133144283493e-02
    9.422779258879393e-02
    9.725744221571880e-02
    1.003836731127867e-01
    1.037922718811404e-01
    1.059744679487058e-01
    1.072717282668906e-01
    1.088480456494922e-01
    1.093798652319089e-01
    1.084459437452022e-01
    1.078673918041277e-01
    1.086912604010902e-01
    1.114433573754513e-01
    1.153160292032316e-01
    1.193033374947219e-01
    1.226209816708715e-01
    1.257962691234182e-01
    1.265637248858575e-01
    1.282573376967214e-01
    1.296439449455977e-01
    1.286528211660294e-01
    1.256274589243137e-01
    1.231766232637260e-01
    1.208834860512464e-01
    1.190675386026414e-01
    1.171829483966022e-01
    1.136312216263629e-01
    1.084094825185906e-01
    1.042026968442585e-01
    1.008246089445538e-01
    9.654592514094140e-02
    9.169831138598156e-02
    8.758334565401571e-02
    8.245448705456349e-02
    7.554591641900887e-02
    6.757599894849042e-02
    6.062785702973383e-02
    5.420647850353655e-02
    4.941041471180282e-02
    4.558863716881453e-02
    3.956773636597383e-02
    3.208171680837768e-02
    2.190079467166078e-02
    9.073897733410552e-03
   -6.381023236725347e-03
   -2.360962046571716e-02
   -4.237162892990201e-02
   -6.361183399356132e-02
   -8.608234797512880e-02
   -1.099298485330187e-01
   -1.330878809632302e-01
   -1.576014782122028e-01
   -1.815472679802480e-01
   -2.043148351594863e-01
   -2.257566284778913e-01
   -2.495783237607886e-01
   -2.755345412665878e-01
   -3.024760945666354e-01
   -3.307602654315023e-01
   -3.592946539806386e-01
   -3.866073912323436e-01
   -4.122821884720960e-01
   -4.387311207435221e-01
   -4.672180442027793e-01
   -4.958016968085490e-01
   -5.248089804320326e-01
   -5.552941556423101e-01
   -5.878233877134004e-01
   -6.228717704954199e-01
   -6.563187565019070e-01
   -6.877366173335657e-01
   -7.181176195110519e-01
   -7.470365652837487e-01
   -7.745921916279559e-01
   -8.019797752769056e-01
   -8.280991597495868e-01
   -8.545418424502440e-01
   -8.830142784491719e-01
   -9.126175881094363e-01
   -9.439683174643438e-01
   -9.779130093965682e-01
   -1.011973204258416e+00
   -1.041592432461494e+00
   -1.069586874206407e+00
   -1.096304399300593e+00
   -1.121695862762391e+00
   -1.147710741324887e+00
   -1.173038995102123e+00
   -1.198771426600915e+00
   -1.224581965496068e+00
   -1.251726338375224e+00
   -1.278171444899135e+00
   -1.304757806562762e+00
   -1.329188462238617e+00
   -1.353927670664561e+00
   -1.380955993517154e+00
   -1.406691856143501e+00
   -1.430176086029568e+00
   -1.452099279180222e+00
   -1.474316178804065e+00
   -1.497711430154469e+00
   -1.521136475737773e+00
   -1.543469295046854e+00
   -1.562755499507962e+00
   -1.579503464941234e+00
   -1.597544690061429e+00
   -1.615748481123619e+00
   -1.631701419452039e+00
   -1.646472090101621e+00
   -1.661332707400279e+00
   -1.675772685176407e+00
   -1.690504452091568e+00
   -1.706487421140170e+00
   -1.725044866834303e+00
   -1.745561716556913e+00
   -1.766765505594488e+00
   -1.787802667412462e+00
   -1.808806219433864e+00
   -1.829632007781210e+00
   -1.846940203234935e+00
   -1.862104529516512e+00
   -1.878598180276126e+00
   -1.894216122886631e+00
   -1.909151472148555e+00
   -1.925562095526628e+00
   -1.944187245861863e+00
   -1.965446790874981e+00
   -1.986538458640042e+00
   -2.003747278272007e+00
   -2.019331771679507e+00
   -2.033557227119847e+00
   -2.045631867961910e+00
   -2.057506843366405e+00
   -2.068971610960336e+00
   -2.078313291626348e+00
   -2.085421084841647e+00
   -2.090053294890452e+00
   -2.095482342384098e+00
   -2.102767896739227e+00
   -2.110154070183760e+00
   -2.117200374028791e+00
   -2.124345237339558e+00
   -2.132125414221487e+00
   -2.141365173028405e+00
   -2.151903510278895e+00
   -2.163154538231633e+00
   -2.173562051539797e+00
   -2.182952483389804e+00
   -2.190818152358675e+00
   -2.200324244281253e+00
   -2.211801411124735e+00
   -2.224090189445129e+00
   -2.237666076434163e+00
   -2.252647270949736e+00
   -2.266819984207987e+00
   -2.280529266231142e+00
   -2.293211794159300e+00
   -2.304555308391582e+00
   -2.313075900571615e+00
   -2.319950397515016e+00
   -2.327201925054645e+00
   -2.336623798891817e+00
   -2.347753746564566e+00
   -2.361085414462954e+00
   -2.376047095614353e+00
   -2.391819651334603e+00
   -2.406282313879319e+00
   -2.420675741085270e+00
   -2.434069520996839e+00
   -2.444853895704157e+00
   -2.452765481843199e+00
   -2.460981799059499e+00
   -2.469610127580602e+00
   -2.478579883846202e+00
   -2.487706236864103e+00
   -2.496488235413162e+00
   -2.505801337502674e+00
   -2.514008730946389e+00
   -2.520075396917663e+00
   -2.524146303627487e+00
   -2.526189878890772e+00
   -2.529071994285559e+00
   -2.534644923649689e+00
   -2.541867044940289e+00
   -2.547551320062766e+00
   -2.550448159994811e+00
   -2.553925506950177e+00
   -2.558994746109132e+00
   -2.562981768451273e+00
   -2.567041367211556e+00
   -2.571201376787331e+00
   -2.575487856377380e+00
   -2.579693300671972e+00
   -2.580730167046884e+00
   -2.580106064080611e+00
   -2.577167705492081e+00
   -2.573752028063654e+00
   -2.569731359001870e+00
   -2.561390555345502e+00
   -2.552065643912995e+00
   -2.544286653801581e+00
   -2.538169210494299e+00
   -2.529535230545231e+00
   -2.519208310838453e+00
   -2.508062738363547e+00
   -2.497880456404550e+00
   -2.487290749746270e+00
   -2.474750905463986e+00
   -2.462230013893793e+00
   -2.449368210306185e+00
   -2.435849315927882e+00
   -2.420765039648240e+00
   -2.402736198332200e+00
   -2.384142806495890e+00
   -2.365402570152949e+00
   -2.347069358255974e+00
   -2.329821448370580e+00
   -2.311762952069973e+00
   -2.290898626490416e+00
   -2.268159420010391e+00
   -2.246929294273033e+00
   -2.227232014258552e+00
   -2.206376826283399e+00
   -2.186067884705916e+00
   -2.167003649073183e+00
   -2.148454147846152e+00
   -2.130607455480697e+00
   -2.112619926715255e+00
   -2.091454275953971e+00
   -2.065105202425747e+00
   -2.037230142724201e+00
   -2.010968090595739e+00
   -1.987840804010202e+00
   -1.964440623498101e+00
   -1.939395911982536e+00
   -1.913606229361996e+00
   -1.889099676899967e+00
   -1.865302968534127e+00
   -1.844562627293685e+00
   -1.825116158631723e+00
   -1.805235718261183e+00
   -1.785989811855881e+00
   -1.767256795217191e+00
   -1.749597903660870e+00
   -1.732332225265807e+00
   -1.716248469969116e+00
   -1.701947644362364e+00
   -1.687626819133500e+00
   -1.672502255169450e+00
   -1.657472088704095e+00
   -1.643269401297225e+00
   -1.629848969029125e+00
   -1.616223177396319e+00
   -1.604010755133675e+00
   -1.595561083624844e+00
   -1.591446373772266e+00
   -1.586900847437470e+00
   -1.581368307624674e+00
   -1.575925940754525e+00
   -1.571564188706691e+00
   -1.565455839373375e+00
   -1.557634905483600e+00
   -1.550573596595553e+00
   -1.543309166463951e+00
   -1.537709073333546e+00
   -1.531505311706230e+00
   -1.523812007775109e+00
   -1.516675620747032e+00
   -1.508874873611224e+00
   -1.500015477507210e+00
   -1.490358065502984e+00
   -1.480651514102984e+00
   -1.469521576358703e+00
   -1.454821182772380e+00
   -1.438475814234104e+00
   -1.423712605515642e+00
   -1.410296072025719e+00
   -1.399517197522720e+00
   -1.390062933744884e+00
   -1.378057651224150e+00
   -1.365776293985765e+00
   -1.353084453204601e+00
   -1.338794457153182e+00
   -1.324442297922471e+00
   -1.310642626470679e+00
   -1.299515538083285e+00
   -1.293150101173967e+00
   -1.288178389265011e+00
   -1.285582783134137e+00
   -1.285089500517059e+00
   -1.284712495680475e+00
   -1.285188410465318e+00
   -1.287837855881751e+00
   -1.291542040706085e+00
   -1.295379033205255e+00
   -1.299141336946224e+00
   -1.302643488801255e+00
   -1.304475965656525e+00
   -1.301610269226250e+00
   -1.297579022878634e+00
   -1.293626254039272e+00
   -1.287647022252652e+00
   -1.281843074551312e+00
   -1.277037840589210e+00
   -1.271274348350065e+00
   -1.264231530594546e+00
   -1.257635242152888e+00
   -1.253200896935321e+00
   -1.250980758248470e+00
   -1.250718658787836e+00
   -1.250506887865046e+00
   -1.246524310062352e+00
   -1.238383317559462e+00
   -1.226420340971978e+00
   -1.213721765064981e+00
   -1.202826590714024e+00
   -1.192401040178722e+00
   -1.180343590662664e+00
   -1.168350016961272e+00
   -1.158408281239504e+00
   -1.151280772735786e+00
   -1.145504242512232e+00
   -1.141922801519651e+00
   -1.140852486974563e+00
   -1.138970907627447e+00
   -1.136368045125547e+00
   -1.133308923001569e+00
   -1.130164109937743e+00
   -1.128115373117015e+00
   -1.125920673006155e+00
   -1.123106538521261e+00
   -1.120715250889228e+00
   -1.118686555113156e+00
   -1.116256163744209e+00
   -1.112739597797860e+00
   -1.109769755711690e+00
   -1.106475702892092e+00
   -1.102047351373122e+00
   -1.097737078951898e+00
   -1.091789018800208e+00
   -1.084357727599297e+00
   -1.074967018011405e+00
   -1.065522868123583e+00
   -1.057606904302266e+00
   -1.051744725325634e+00
   -1.045698206315637e+00
   -1.038113034958963e+00
   -1.029308585130623e+00
   -1.019505227503354e+00
   -1.010502335581567e+00
   -1.000775077554588e+00
   -9.902418834965592e-01
   -9.788244410108289e-01
   -9.660894937042745e-01
   -9.510286235896059e-01
   -9.353647255679343e-01
   -9.186075342662310e-01
   -9.000293071947238e-01
   -8.805329189069631e-01
   -8.599261360544292e-01
   -8.357481935461413e-01
   -8.080279194045648e-01
   -7.793297778398875e-01
   -7.513568572313531e-01
   -7.248078557996014e-01
   -7.016114342492505e-01
   -6.813937781261308e-01
   -6.615002283343232e-01
   -6.398429091724733e-01
   -6.205384876716198e-01
   -6.021365537361996e-01
   -5.823272402564303e-01
   -5.626620163455749e-01
   -5.422545797196874e-01
   -5.239046348515419e-01
   -5.079129002054876e-01
   -4.930125802006664e-01
   -4.773752750920842e-01
   -4.623362657162678e-01
   -4.489067830346891e-01
   -4.357757625271176e-01
   -4.205449228772764e-01
   -4.040050710070304e-01
   -3.867101160029737e-01
   -3.705375435897078e-01
   -3.554726497377896e-01
   -3.392491638225752e-01
   -3.218662335665993e-01
   -3.044947600720764e-01
   -2.855024304169473e-01
   -2.662745107342261e-01
   -2.483938474219644e-01
   -2.320079273474795e-01
   -2.162596129385934e-01
   -1.991500937622392e-01
   -1.801749431147195e-01
   -1.611553198538623e-01
   -1.415666550100168e-01
   -1.229209840485354e-01
   -1.058828890208471e-01
   -9.076243815654042e-02
   -7.725144529930143e-02
   -6.512084051457695e-02
   -5.159726907450846e-02
   -3.745172129512403e-02
   -2.572594769005473e-02
   -1.488631491111214e-02
   -4.055805682594199e-03
    7.897672733527150e-03
    2.047579151688553e-02
    3.317775512020518e-02
    4.559646816898472e-02
    5.879349015206148e-02
    7.292391281113786e-02
    8.928024125525147e-02
    1.058763574798982e-01
    1.226462727666635e-01
    1.398720266894680e-01
    1.558793693181534e-01
    1.683171968353321e-01
    1.779761848235641e-01
    1.872208234817853e-01
    1.978150510782084e-01
    2.099689893117591e-01
    2.227133678986049e-01
    2.333321796393498e-01
    2.427779573070256e-01
    2.526511834887029e-01
    2.631327724620927e-01
    2.752988843248463e-01
    2.880549752581618e-01
    2.995535429037670e-01
    3.098564009625596e-01
    3.200697237451614e-01
    3.293576050394880e-01
    3.368869661864997e-01
    3.419517558870123e-01
    3.476806783132918e-01
    3.516191649205512e-01
    3.534779804455642e-01
    3.540369956185641e-01
    3.537140940140472e-01
    3.532079805470998e-01
    3.524869862880766e-01
    3.524936146166170e-01
    3.520475763545511e-01
    3.502045980365153e-01
    3.481572064174980e-01
    3.457457588302087e-01
    3.446144736935072e-01
    3.440546143301771e-01
    3.411116787450784e-01
    3.371822915254876e-01
    3.352519889690106e-01
    3.347197324167845e-01
    3.352034359064478e-01
    3.366491664365855e-01
    3.393940944963152e-01
    3.426941799887352e-01
    3.466978236070062e-01
    3.499767233846036e-01
    3.528362829279630e-01
    3.551384708171465e-01
    3.581300931136013e-01
    3.628414599314132e-01
    3.699402207981314e-01
    3.768412058890182e-01
    3.813756698523703e-01
    3.835100700661521e-01
    3.855856641321619e-01
    3.867902124015888e-01
    3.892339090231710e-01
    3.932787411596103e-01
    3.996333273750270e-01
    4.063412532936782e-01
    4.123553488744868e-01
    4.202581251401640e-01
    4.274315914461482e-01
    4.330400595566959e-01
    4.404394436220713e-01
    4.474410902043823e-01
    4.530705130266174e-01
    4.566641049412891e-01
    4.588058846667286e-01
    4.615695413575087e-01
    4.629902578901812e-01
    4.636155246591746e-01
    4.684383801120683e-01
    4.735061349059822e-01
    4.783633019454889e-01
    4.841244286765718e-01
    4.887341515364049e-01
    4.932456018473380e-01
    4.981003571467500e-01
    5.022485756915169e-01
    5.063668752638000e-01
    5.111105240512483e-01
    5.164768300469387e-01
    5.208385731576797e-01
    5.248015571185058e-01
    5.308422555145398e-01
    5.356658495118845e-01
    5.400945422593493e-01
    5.448100318404472e-01
    5.492236686615053e-01
    5.525582698934066e-01
    5.563598416322681e-01
    5.617027214539230e-01
    5.686785817175404e-01
    5.767528820756762e-01
    5.862302339892742e-01
    5.959610615926318e-01
    6.071399608925849e-01
    6.215773031293155e-01
    6.386793532804145e-01
    6.588392259333089e-01
    6.809197457135137e-01
    7.031431698144337e-01
    7.261535558803911e-01
    7.477393930719141e-01
    7.673672064877541e-01
    7.860982535916301e-01
    8.048550111840636e-01
    8.259287651222547e-01
    8.477313894957328e-01
    8.688994496145614e-01
    8.894925227367201e-01
    9.082676111634373e-01
    9.261894016607037e-01
    9.423845086219476e-01
    9.593373949024626e-01
    9.767070164716007e-01
    9.918013389386620e-01
    1.004050514196275e+00
    1.013883745719742e+00
    1.023351355688344e+00
    1.033513098272473e+00
    1.044865005999533e+00
    1.056550999809330e+00
    1.066105071552377e+00
    1.074347999888931e+00
    1.083077986906479e+00
    1.093263001224493e+00
    1.102540133036255e+00
    1.109990406728958e+00
    1.116616775146389e+00
    1.122843895820598e+00
    1.127997060749696e+00
    1.131155426702095e+00
    1.132799414914574e+00
    1.133636595412454e+00
    1.135080266803759e+00
    1.138694067958879e+00
    1.144049160885329e+00
    1.147341507281388e+00
    1.148739562972162e+00
    1.147093760981281e+00
    1.143861871656373e+00
    1.142631745644323e+00
    1.142521378031895e+00
    1.141847810684128e+00
    1.140967975227129e+00
    1.139623698915023e+00
    1.136110213182353e+00
    1.133001756227163e+00
    1.131953784939645e+00
    1.131984451568464e+00
    1.132635116734710e+00
    1.135687555778002e+00
    1.139890805126441e+00
    1.143808696065630e+00
    1.148312544990373e+00
    1.153410173668066e+00
    1.158294434011560e+00
    1.161565308753203e+00
    1.162146289843473e+00
    1.161424679570477e+00
    1.158515972101982e+00
    1.154215541884049e+00
    1.149526545274424e+00
    1.143891940330747e+00
    1.139136725452082e+00
    1.134876895700706e+00
    1.131588744489576e+00
    1.129208798662785e+00
    1.129812817238459e+00
    1.131091189255188e+00
    1.135065520972689e+00
    1.139241921115753e+00
    1.144887134091531e+00
    1.150190642549713e+00
    1.153936865174892e+00
    1.156596186982727e+00
    1.157228496458599e+00
    1.157676048022091e+00
    1.156977971131513e+00
    1.156612406932152e+00
    1.157477370329296e+00
    1.159641244529544e+00
    1.161054851292776e+00
    1.161259469041290e+00
    1.159839985280529e+00
    1.158039960710417e+00
    1.154339173470878e+00
    1.148890448215148e+00
    1.142486917667642e+00
    1.135335889702792e+00
    1.129518319687594e+00
    1.123819988845213e+00
    1.118867594674217e+00
    1.112689259249237e+00
    1.104466418957270e+00
    1.097706746093738e+00
    1.092605909871004e+00
    1.086558845054154e+00
    1.079626114026794e+00
    1.074367486360232e+00
    1.071377236957051e+00
    1.071151895055451e+00
    1.070284720605060e+00
    1.067208238787654e+00
    1.062369260340031e+00
    1.056035830335387e+00
    1.049341828247617e+00
    1.042961930653813e+00
    1.038939028011699e+00
    1.035269026689506e+00
    1.031852566628130e+00
    1.027604973499195e+00
    1.023461299601634e+00
    1.021584127964434e+00
    1.019448242459388e+00
    1.019290238589716e+00
    1.019134407420204e+00
    1.020350409296905e+00
    1.021815394728519e+00
    1.023162545330125e+00
    1.025010866143229e+00
    1.030124943095438e+00
    1.036180705533575e+00
    1.041265783828811e+00
    1.044905609363507e+00
    1.048647915456594e+00
    1.053340058816597e+00
    1.061050707383755e+00
    1.070244463603736e+00
    1.080100864793449e+00
    1.091067950122276e+00
    1.102307468069072e+00
    1.110777588074149e+00
    1.117074567639571e+00
    1.121092822289268e+00
    1.122185412560426e+00
    1.121304288139766e+00
    1.119959235953045e+00
    1.119799233001120e+00
    1.121351656101875e+00
    1.122959698093062e+00
    1.124952326611247e+00
    1.127095110858707e+00
    1.129043161083537e+00
    1.130391082194907e+00
    1.129658422724469e+00
    1.127876658487758e+00
    1.123929003566215e+00
    1.118392988224381e+00
    1.113985298124423e+00
    1.109866168868445e+00
    1.106879584441863e+00
    1.103638326499544e+00
    1.099094309287280e+00
    1.091720135147148e+00
    1.081923122981703e+00
    1.072876387477806e+00
    1.065539898857056e+00
    1.060117591616190e+00
    1.056257191791562e+00
    1.051039102034131e+00
    1.045524099466914e+00
    1.040394458188711e+00
    1.037983495852404e+00
    1.037176896522603e+00
    1.036862732623199e+00
    1.036017272665476e+00
    1.033166002917634e+00
    1.028666936348803e+00
    1.025754946346508e+00
    1.024968384578522e+00
    1.024774618489584e+00
    1.024946929963119e+00
    1.024094936031443e+00
    1.022921282326571e+00
    1.021399974559394e+00
    1.020047898937741e+00
    1.017674410854795e+00
    1.014516843511946e+00
    1.012786289866113e+00
    1.011081850214937e+00
    1.007031753288114e+00
    1.001142156306161e+00
    9.946931883096530e-01
    9.872465834079982e-01
    9.809449292725478e-01
    9.735926242856960e-01
    9.662511008015724e-01
    9.575747566718671e-01
    9.442116734749084e-01
    9.267713527438250e-01
    9.077589938634867e-01
    8.872621959566913e-01
    8.661944296733382e-01
    8.464450074600105e-01
    8.260837274893316e-01
    8.053998452436684e-01
    7.858615897672174e-01
    7.668237229648109e-01
    7.485232992899389e-01
    7.303510851959181e-01
    7.124078220514660e-01
    6.943884912893128e-01
    6.755165125215206e-01
    6.566660167430387e-01
    6.381954708705848e-01
    6.194229569928997e-01
    5.992097675188690e-01
    5.807778531645209e-01
    5.639614309763845e-01
    5.502353568268239e-01
    5.369975720311795e-01
    5.247377353885023e-01
    5.125473517022929e-01
    4.984067026707109e-01
    4.850984433663760e-01
    4.745741799011989e-01
    4.661961489177052e-01
    4.580942717538862e-01
    4.505063455421878e-01
    4.423427307855562e-01
    4.339967999409649e-01
    4.270306953424265e-01
    4.203683715337160e-01
    4.113596875476789e-01
    4.025367223741255e-01
    3.942173861494423e-01
    3.866067125006288e-01
    3.792741190401587e-01
    3.734532299851466e-01
    3.691461505065430e-01
    3.655490067192974e-01
    3.613448398872453e-01
    3.549460674536704e-01
    3.465294354306142e-01
    3.364684842644330e-01
    3.272158832247948e-01
    3.198183473514911e-01
    3.119552977820056e-01
    3.042656653366934e-01
    2.984772044598391e-01
    2.931761378106850e-01
    2.877320625348618e-01
    2.867013507431380e-01
    2.883952859528363e-01
    2.913197569660504e-01
    2.953112618524128e-01
    2.999172377671316e-01
    3.029886791372634e-01
    3.053682824120165e-01
    3.114369406929560e-01
    3.207295288489601e-01
    3.303387142359546e-01
    3.366860731663274e-01
    3.395563223977507e-01
    3.394625292814659e-01
    3.387353441230485e-01
    3.393574673863312e-01
    3.426298463472705e-01
    3.467435403224069e-01
    3.504905886956118e-01
    3.554649671138665e-01
    3.627722659690462e-01
    3.714028411584712e-01
    3.791307070707464e-01
    3.837394482049551e-01
    3.863015054490878e-01
    3.884559452129021e-01
    3.889148437878155e-01
    3.900549774701373e-01
    3.943342674753419e-01
    4.025555097536405e-01
    4.121738372584045e-01
    4.233246393275303e-01
    4.386629251907236e-01
    4.550854902903875e-01
    4.703570911177066e-01
    4.838576484336385e-01
    4.944399326180902e-01
    5.029638287657821e-01
    5.107725814230410e-01
    5.194254592716365e-01
    5.275943872266535e-01
    5.348228032378926e-01
    5.396938974136094e-01
    5.402926895520179e-01
    5.417665768866313e-01
    5.462516733858169e-01
    5.514701442234522e-01
    5.574009058901574e-01
    5.630155083339896e-01
    5.680160906291010e-01
    5.731003713408285e-01
    5.802086123957451e-01
    5.867737232268342e-01
    5.917129324086114e-01
    5.932690166681696e-01
    5.926064039520873e-01
    5.904442614099470e-01
    5.864079904071700e-01
    5.827920313412149e-01
    5.825449178334909e-01
    5.862656673660813e-01
    5.899074905164119e-01
    5.912381675384808e-01
    5.896570721287429e-01
    5.857524868192665e-01
    5.822627847896016e-01
    5.806546437016940e-01
    5.802673809171595e-01
    5.786499973907364e-01
    5.756702046184980e-01
    5.723508779716036e-01
    5.703681258022764e-01
    5.698528966876795e-01
    5.706048771924515e-01
    5.704879545354300e-01
    5.702211804493382e-01
    5.711421239250545e-01
    5.764343295514804e-01
    5.836980975193868e-01
    5.891292242602346e-01
    5.942934298849916e-01
    5.996509841769553e-01
    6.031508727613801e-01
    6.052445636945334e-01
    6.059501688064344e-01
    6.061610318315001e-01
    6.056290540081579e-01
    6.031559811712550e-01
    5.994020235576936e-01
    5.962300149038799e-01
    5.943630684428167e-01
    5.936128315026987e-01
    5.942780373945373e-01
    5.975984195347424e-01
    6.003121707126291e-01
    6.004487058005901e-01
    5.982392291403482e-01
    5.948257058215529e-01
    5.911632368987068e-01
    5.864679829455937e-01
    5.801789915360596e-01
    5.711176025851226e-01
    5.601275574371500e-01
    5.478781580249954e-01
    5.341643304876487e-01
    5.189905225489075e-01
    5.019472613079397e-01
    4.830486647410846e-01
    4.613157191735630e-01
    4.390571416356946e-01
    4.183438819479536e-01
    3.973074396555141e-01
    3.783867784894282e-01
    3.610021618787045e-01
    3.438405308575460e-01
    3.294673621299353e-01
    3.166469951863964e-01
    3.031037144377534e-01
    2.890314587262159e-01
    2.756652344947637e-01
    2.629146074778420e-01
    2.528766153992927e-01
    2.443350497841169e-01
    2.354207029467841e-01
    2.259271262984073e-01
    2.159903812115531e-01
    2.048967343407031e-01
    1.938796074216316e-01
    1.821120735022852e-01
    1.706916411937980e-01
    1.589772283011596e-01
    1.475243896359326e-01
    1.390994147907028e-01
    1.301252283363791e-01
    1.194909301278892e-01
    1.103757665983202e-01
    1.045145046501227e-01
    9.995773125673674e-02
    9.886262208804131e-02
    9.934374227179010e-02
    9.880569203317707e-02
    9.815352309801911e-02
    9.888851285140865e-02
    9.982350477033136e-02
    9.912211260736009e-02
    9.718057146220938e-02
    9.974035064477083e-02
    1.030559070486868e-01
    1.043380229743753e-01
    1.037266951913687e-01
    1.015607775640407e-01
    9.841370944089156e-02
    9.387655014109120e-02
    8.613294654669901e-02
    7.606909992545974e-02
    6.506868414040817e-02
    5.561631678120121e-02
    4.906852869025916e-02
    4.257029895815523e-02
    3.591748573234346e-02
    3.127889477825360e-02
    2.693869234750443e-02
    2.066290260673517e-02
    1.276697756812639e-02
    6.418327195967966e-03
   -5.058073901938465e-04
   -7.473674504411110e-03
   -1.352180868638270e-02
   -1.793112834943092e-02
   -2.157210760365325e-02
   -2.663058174070812e-02
   -3.179989170702610e-02
   -3.778912491960754e-02
   -4.041330124451217e-02
   -3.953602860730329e-02
   -3.820444375758125e-02
   -3.814918676557982e-02
   -3.941045145290153e-02
   -3.991358742110451e-02
   -3.797273888296426e-02
   -3.516270589031481e-02
   -3.320239716822521e-02
   -3.013939622279707e-02
   -2.606994810580049e-02
   -2.025608816338473e-02
   -1.266248381050791e-02
   -7.216113470249669e-03
   -3.921516308172196e-03
    0.000000000000000e+00
