   -1.673690716364978e-01
   -1.698935615895852e-01
   -1.611243906392112e-01
   -1.661106376829680e-01
   -1.828254316706504e-01
   -1.858255410795551e-01
   -1.736268328829074e-01
   -1.591849343899257e-01
   -1.567562280607188e-01
   -1.529001884898262e-01
   -1.319054456388755e-01
   -1.171588662412795e-01
   -1.271233270956690e-01
   -1.422942588442744e-01
   -1.423450808869337e-01
   -1.327726644527899e-01
   -1.315864154145877e-01
   -1.408946072915543e-01
   -1.451431395365521e-01
   -1.419116489485373e-01
   -1.363337279383456e-01
   -1.318816418849339e-01
   -1.254391799949572e-01
   -1.226235741993412e-01
   -1.200669642308969e-01
   -1.081981400842202e-01
   -9.804547427324062e-02
   -9.755162043742993e-02
   -1.135698496672000e-01
   -1.222142353472944e-01
   -1.194568731935569e-01
   -1.367775071346247e-01
   -1.533601165285980e-01
   -1.508209945713770e-01
   -1.401606813502529e-01
   -1.389136260179796e-01
   -1.392993441373389e-01
   -1.297516963395129e-01
   -1.149120930433167e-01
   -8.911396446969255e-02
   -7.140451711909857e-02
   -7.826131132335989e-02
   -8.694519723535576e-02
   -8.545828434921132e-02
   -7.511764646813246e-02
   -6.032225833583038e-02
   -6.191475405748381e-02
   -6.537226114395889e-02
   -4.139914933177669e-02
   -7.141904633151674e-03
    1.318054670830293e-02
    2.585356860483501e-02
    3.814123504662204e-02
    5.054053673699210e-02
    6.211549045543496e-02
    7.955199163536930e-02
    1.007876372751854e-01
    1.121792414050959e-01
    1.178895036024069e-01
    1.322899034554309e-01
    1.498244304932639e-01
    1.616801473827020e-01
    1.649397867388444e-01
    1.476210438734130e-01
    1.345929805011342e-01
    1.417477526644406e-01
    1.536007682057092e-01
    1.784329587214670e-01
    2.108111157297304e-01
    2.228543885141010e-01
    2.215773547536168e-01
    2.226476641363992e-01
    2.190327194670824e-01
    2.072204582630396e-01
    1.957847005712354e-01
    1.982661318192058e-01
    1.940793328201193e-01
    1.795326744292827e-01
    1.744505059493501e-01
    1.740377590629988e-01
    1.763543599458420e-01
    1.782443189334373e-01
    1.721566782218550e-01
    1.672015602252178e-01
    1.749517414628207e-01
    1.833744992630670e-01
    1.924722652518140e-01
    2.038504629385235e-01
    2.043268850887253e-01
    2.018713783096338e-01
    2.072190892976328e-01
    2.244812097458909e-01
    2.421189453685724e-01
    2.529284462479514e-01
    2.612549250885882e-01
    2.627892266653353e-01
    2.579715812948075e-01
    2.544830766074652e-01
    2.581375077139730e-01
    2.559355871804836e-01
    2.546218016407326e-01
    2.594335156560806e-01
    2.516447748243034e-01
    2.301254666187086e-01
    2.006271700556478e-01
    1.898148981433223e-01
    1.966676419578084e-01
    1.897251223900293e-01
    1.861979149674531e-01
    1.837782787523257e-01
    1.786852691822927e-01
    1.888353021087363e-01
    1.892125053553873e-01
    1.703314973607550e-01
    1.599782614995526e-01
    1.609150167836337e-01
    1.655122057628522e-01
    1.645423068140239e-01
    1.544441618469705e-01
    1.563441520748710e-01
    1.645837024944841e-01
    1.597641430451235e-01
    1.513692177885317e-01
    1.497369708762142e-01
    1.496701141932300e-01
    1.441974351037778e-01
    1.334620223862226e-01
    1.295096101210569e-01
    1.310845943454975e-01
    1.324202517668327e-01
    1.462129736560158e-01
    1.698652925717936e-01
    1.963439945907752e-01
    2.217533941349215e-01
    2.327220238599514e-01
    2.189489364647146e-01
    1.937984332567877e-01
    1.749088942097543e-01
    1.686627649872141e-01
    1.681928603371630e-01
    1.684032608213287e-01
    1.720127881127326e-01
    1.714405126143026e-01
    1.707322776773190e-01
    1.747584273536384e-01
    1.793257435773099e-01
    1.761135732911634e-01
    1.739038578915664e-01
    1.838362050521569e-01
    1.905976966814582e-01
    1.865918326266058e-01
    1.924098435235311e-01
    2.109066705720686e-01
    2.093560283335449e-01
    1.804035842734586e-01
    1.476719439443985e-01
    1.300646063527311e-01
    1.279554261277482e-01
    1.323931652508570e-01
    1.384661674775178e-01
    1.385793092634202e-01
    1.434829186269226e-01
    1.562121426721208e-01
    1.545173834480962e-01
    1.425950513518215e-01
    1.283064153101066e-01
    1.163767375069091e-01
    1.169909167255967e-01
    1.276211192314713e-01
    1.499010638427944e-01
    1.574002741827285e-01
    1.337648428954963e-01
    1.124029342050603e-01
    1.136658102924404e-01
    1.213517719596124e-01
    1.178017535544429e-01
    1.131528624473588e-01
    1.160899986093034e-01
    1.307382215150543e-01
    1.427738848449156e-01
    1.411568603555979e-01
    1.370685775373182e-01
    1.344046605997895e-01
    1.530897116132346e-01
    1.878066093370112e-01
    2.014018712396370e-01
    2.078491231704604e-01
    2.153108429829365e-01
    2.104986774252016e-01
    2.094330042684289e-01
    2.114186616946601e-01
    2.012761204829960e-01
    1.840997110165854e-01
    1.575452721558923e-01
    1.338983648580228e-01
    1.273698124428302e-01
    1.140518940194402e-01
    1.007881353090245e-01
    1.018071838127432e-01
    1.051373019250446e-01
    1.030703337458783e-01
    8.805796634229424e-02
    7.761098385381526e-02
    8.716257855535758e-02
    9.610846403046658e-02
    9.463619132440426e-02
    7.466870548449300e-02
    4.769959170366489e-02
    3.429132536567847e-02
    2.406614211402758e-02
    1.740936212494049e-02
    3.022962464459100e-02
    4.248788548099958e-02
    2.945341612558439e-02
    6.196414009596030e-03
   -3.949697981064926e-03
    4.169004135843313e-03
    5.950134536500951e-03
    2.627134469324055e-04
    1.358414077228920e-02
    3.920314287330751e-02
    4.589562882368003e-02
    3.548463064833696e-02
    3.319254924224913e-02
    3.089429878341488e-02
    1.730148235404627e-02
    5.632405460092027e-03
    1.560149160413360e-03
   -5.614389227399652e-03
   -2.137781340283418e-02
   -3.949914163662971e-02
   -3.827336993357022e-02
   -2.586642054750232e-02
   -2.586429036680826e-02
   -2.314873635833159e-02
   -1.428680671660354e-02
   -1.611765905354279e-02
   -3.037495324667239e-02
   -4.823350874433752e-02
   -5.630711570331792e-02
   -4.459146664577140e-02
   -2.498830364134008e-02
   -2.065308838550939e-02
   -3.258452506991860e-02
   -5.009046040930665e-02
   -6.870638503087001e-02
   -8.483037264811699e-02
   -9.527764542054395e-02
   -1.062111552724709e-01
   -1.278147470729829e-01
   -1.500317817563435e-01
   -1.543442228652703e-01
   -1.448787165383503e-01
   -1.456493854550622e-01
   -1.457162615434071e-01
   -1.358984570088895e-01
   -1.325657821981641e-01
   -1.366393207973382e-01
   -1.290197291672279e-01
   -1.125996973565102e-01
   -1.107332489247770e-01
   -1.108908760137228e-01
   -9.843843634956384e-02
   -9.278912948983420e-02
   -1.054120400060921e-01
   -1.117049125658731e-01
   -1.188128244989040e-01
   -1.230799157752394e-01
   -1.016668007540322e-01
   -8.710591589276451e-02
   -8.877268107173819e-02
   -8.809343493392907e-02
   -8.764970048474874e-02
   -8.976128310267395e-02
   -9.618914953984481e-02
   -9.828318756534227e-02
   -9.539222046230034e-02
   -8.471759280164859e-02
   -6.322824602249977e-02
   -4.930158435387577e-02
   -4.224941939151794e-02
   -3.398490758072636e-02
   -2.814771973118857e-02
   -2.613613203028109e-02
   -3.183393457776074e-02
   -4.327806123756384e-02
   -4.736927835868210e-02
   -4.738532917813787e-02
   -5.194782791138497e-02
   -4.872306632853984e-02
   -3.400584937792273e-02
   -3.055846641335958e-02
   -3.358072382337429e-02
   -3.181570340679452e-02
   -3.004198989134954e-02
   -2.756796499967074e-02
   -2.379063982563823e-02
   -1.696981722250301e-02
   -2.411663843016498e-02
   -4.440073816831980e-02
   -6.962741969291919e-02
   -1.084827494361984e-01
   -1.385346395974096e-01
   -1.479466391575079e-01
   -1.476582551053474e-01
   -1.301813162475485e-01
   -1.090340317371297e-01
   -1.045646025802172e-01
   -9.623908066626274e-02
   -7.256386430914086e-02
   -5.799742453371115e-02
   -5.666326080467687e-02
   -5.234408922380585e-02
   -5.123400237921905e-02
   -5.352112774489548e-02
   -5.272103160911090e-02
   -5.282758605027471e-02
   -4.698733921221221e-02
   -4.024805423654243e-02
   -4.023984932034708e-02
   -4.199551736592699e-02
   -4.691017858543090e-02
   -4.794436183147344e-02
   -4.592972318582911e-02
   -5.314646296768588e-02
   -6.259167051696934e-02
   -6.089951774837399e-02
   -6.012678079939215e-02
   -5.518339018642626e-02
   -4.682386655485926e-02
   -5.976047423874364e-02
   -8.982275395482020e-02
   -1.164379109502467e-01
   -1.305542520790381e-01
   -1.315879980882073e-01
   -1.224381933572882e-01
   -1.303810418065576e-01
   -1.576898552490125e-01
   -1.944710508353475e-01
   -2.249242725908362e-01
   -2.330335391295724e-01
   -2.528555427120138e-01
   -2.736559299490593e-01
   -2.792987396910074e-01
   -2.889551985092975e-01
   -2.931279806711945e-01
   -2.905887814316327e-01
   -2.796932521103745e-01
   -2.727482742164500e-01
   -2.879188375213204e-01
   -3.055267692005492e-01
   -3.095664747156390e-01
   -3.151889539653197e-01
   -3.278903784050680e-01
   -3.377613916824018e-01
   -3.502344765233312e-01
   -3.571207108673324e-01
   -3.506850193126498e-01
   -3.345838272887869e-01
   -3.254789648299372e-01
   -3.436170656092141e-01
   -3.747763749249666e-01
   -4.023437568426469e-01
   -4.153662689139209e-01
   -4.219654565390135e-01
   -4.319371093974494e-01
   -4.418085993301357e-01
   -4.521356228496926e-01
   -4.588247121068478e-01
   -4.584136838979685e-01
   -4.508708233824360e-01
   -4.485065999236604e-01
   -4.578831863689609e-01
   -4.812978314184940e-01
   -5.105725010920200e-01
   -5.228691000585397e-01
   -5.134000093348259e-01
   -4.957383587967282e-01
   -4.787926794587094e-01
   -4.694287605827774e-01
   -4.671886302046163e-01
   -4.478757653704341e-01
   -4.214045923830753e-01
   -3.993471792226844e-01
   -3.680375027830537e-01
   -3.409303795405066e-01
   -3.294396801629418e-01
   -3.427727748753417e-01
   -3.739641897636586e-01
   -4.019333655913598e-01
   -4.107937042456350e-01
   -4.005387287305873e-01
   -3.792334605740011e-01
   -3.542859326779751e-01
   -3.427645718875266e-01
   -3.464943554749739e-01
   -3.606887149393584e-01
   -3.719452087091890e-01
   -3.818345951153201e-01
   -3.939467414740594e-01
   -3.909412700023940e-01
   -3.746731318538887e-01
   -3.581538064594469e-01
   -3.471931864536215e-01
   -3.458952649347313e-01
   -3.485855614513533e-01
   -3.502873982486576e-01
   -3.499426700451091e-01
   -3.462591506696944e-01
   -3.461396802135375e-01
   -3.576442541294944e-01
   -3.761753541916035e-01
   -3.844571080925907e-01
   -3.827402188175810e-01
   -3.732251001077480e-01
   -3.536551597085436e-01
   -3.417016396093486e-01
   -3.338707692007992e-01
   -3.143210531436647e-01
   -2.973394297932463e-01
   -2.840043393739222e-01
   -2.752261695238811e-01
   -2.700770907903083e-01
   -2.563255948604692e-01
   -2.511999079835547e-01
   -2.675492735426244e-01
   -2.863673886516649e-01
   -2.930357522351223e-01
   -2.952036540527203e-01
   -2.928595628490460e-01
   -2.886949670993633e-01
   -2.850446605686230e-01
   -2.853060528786111e-01
   -2.950377297379014e-01
   -2.973338228313294e-01
   -2.979349585730873e-01
   -3.143504384566187e-01
   -3.246280912441213e-01
   -3.120200775076998e-01
   -3.035487438586171e-01
   -3.181670166902939e-01
   -3.340474398482907e-01
   -3.307765753813507e-01
   -3.044202697562914e-01
   -2.626003988841186e-01
   -2.207179267849568e-01
   -1.871342146605137e-01
   -1.776661211814989e-01
   -1.864616480456172e-01
   -1.759053991281401e-01
   -1.528597267010889e-01
   -1.405327355386121e-01
   -1.321438023021426e-01
   -1.300362842990022e-01
   -1.288768640826699e-01
   -1.237331717972223e-01
   -1.321880155070732e-01
   -1.326481247115652e-01
   -1.067690863097193e-01
   -8.492900382344182e-02
   -8.587910608672145e-02
   -9.860623536959379e-02
   -1.051030342039838e-01
   -1.050462060761914e-01
   -9.349060111513152e-02
   -7.294567936521057e-02
   -6.913448994793736e-02
   -6.300070567273108e-02
   -3.623153460467154e-02
   -1.974389040954927e-02
   -1.823524049809677e-02
   -1.160987094779520e-02
   -1.338311176515283e-02
   -3.064139510124519e-02
   -3.250137812746523e-02
   -1.152609656656312e-02
    1.322281024569216e-02
    2.930728513671266e-02
    3.378257415196595e-02
    2.574824046025714e-02
    7.395544801436227e-03
   -2.929902822446095e-03
   -1.446564595171118e-03
    2.123393188024902e-03
   -2.959859939899445e-03
   -1.671954206064585e-02
   -2.157219899372453e-02
   -1.294187067639063e-02
   -6.363107100604282e-03
   -1.043340400458392e-02
   -1.566437643330643e-02
   -1.210332838358141e-02
   -1.131350960532185e-02
   -3.124271265488199e-02
   -6.419372176606597e-02
   -1.012185717936886e-01
   -1.173266271500539e-01
   -1.031478919435425e-01
   -8.817899915264160e-02
   -8.269693506783637e-02
   -8.925329041721053e-02
   -1.135663969366774e-01
   -1.372148128982387e-01
   -1.472241293523324e-01
   -1.480595417168229e-01
   -1.457849949894197e-01
   -1.406729332651868e-01
   -1.254955983044082e-01
   -1.101572890256164e-01
   -1.081735056517807e-01
   -1.112294074627629e-01
   -9.600294994132952e-02
   -7.647945001824530e-02
   -7.520389468069766e-02
   -7.987886021332935e-02
   -8.276443035428960e-02
   -8.275974018382870e-02
   -7.444043771642095e-02
   -7.565926695149994e-02
   -1.000778161652516e-01
   -1.214349642749357e-01
   -1.363962292480037e-01
   -1.502406702464465e-01
   -1.415740044373037e-01
   -1.129170247401823e-01
   -1.007488550101288e-01
   -9.686329887756084e-02
   -8.117738313042189e-02
   -7.438006661738328e-02
   -7.889274551207581e-02
   -9.678233288068716e-02
   -1.281370293740247e-01
   -1.415708984609765e-01
   -1.308796073651752e-01
   -1.136347628577505e-01
   -8.877082652237744e-02
   -7.438816158908956e-02
   -7.763381391495017e-02
   -7.533666122554461e-02
   -5.642355116829201e-02
   -4.021928521741991e-02
   -4.022202187537127e-02
   -4.285489708458323e-02
   -4.815967997193971e-02
   -7.036713033218289e-02
   -9.396532406324321e-02
   -1.043559755486667e-01
   -1.103568983630776e-01
   -1.165821296134184e-01
   -1.159866986635549e-01
   -1.155851686820375e-01
   -1.271905615415303e-01
   -1.315928856620396e-01
   -1.156345104845391e-01
   -9.305217027312906e-02
   -7.718560215781434e-02
   -6.900321753738226e-02
   -7.217206169173318e-02
   -8.337102128406881e-02
   -9.257288699769717e-02
   -8.871566395177499e-02
   -7.513140866470147e-02
   -6.062460430901861e-02
   -6.306946456267726e-02
   -7.339870482329758e-02
   -6.456441188052109e-02
   -4.605207217614815e-02
   -3.042699629769663e-02
   -1.828963007784790e-02
   -6.548552803125052e-03
    3.670251960623538e-03
    2.217765372441560e-02
    4.948259282436362e-02
    6.847383242337024e-02
    8.120051809161977e-02
    9.055714066265264e-02
    8.679393958891168e-02
    7.306169142498931e-02
    5.722052962908952e-02
    4.705125785528841e-02
    4.921473149725797e-02
    6.684892140250920e-02
    8.307443304427897e-02
    8.758127654613146e-02
    9.489529341215386e-02
    9.158552067514814e-02
    8.822917811924791e-02
    1.010646884786559e-01
    1.133008661598089e-01
    1.169300686371932e-01
    9.620192797351157e-02
    6.112466139093220e-02
    4.391874554955821e-02
    5.036597498953022e-02
    7.119843541369519e-02
    1.033854328387673e-01
    1.383691527027198e-01
    1.662403131771151e-01
    1.821150424314188e-01
    1.880918489661298e-01
    2.001544776768660e-01
    2.159876606677935e-01
    2.282179664729367e-01
    2.318432850984720e-01
    2.147337563696761e-01
    1.891506595592629e-01
    1.780696577688912e-01
    1.771570626173302e-01
    1.943661779598549e-01
    2.268934592790517e-01
    2.399537575934074e-01
    2.299948217044290e-01
    2.191177067515127e-01
    2.109070069041019e-01
    2.069646825840477e-01
    2.105998363300032e-01
    2.060866855912979e-01
    1.897650645205018e-01
    1.769259319788707e-01
    1.810319184363784e-01
    1.879047618588836e-01
    1.786096680420335e-01
    1.562792580805406e-01
    1.339247745751870e-01
    1.254121602168934e-01
    1.192316388482539e-01
    9.207618701919218e-02
    4.908919907077092e-02
    2.822229757754702e-02
    3.011180967895433e-02
    2.184187946410621e-02
    1.471366358389847e-02
    2.194355358657640e-02
    2.638069477226779e-02
    2.797993572811075e-02
    3.130045046668473e-02
    4.452518604722400e-02
    6.349696041101360e-02
    5.568380095720249e-02
    4.200862790741722e-02
    5.041057475112076e-02
    5.231618920349401e-02
    4.192615373331599e-02
    2.989583916308991e-02
    2.903399006849661e-02
    4.935334835077576e-02
    7.053004190608947e-02
    8.320839561650750e-02
    9.144520625104846e-02
    9.466136430975602e-02
    8.760767808552172e-02
    7.533108698121627e-02
    7.249331970986095e-02
    7.353418909594955e-02
    8.141199329214643e-02
    1.039162076170075e-01
    1.246384292212177e-01
    1.342189607239663e-01
    1.419369898419154e-01
    1.443158315857529e-01
    1.391918947453541e-01
    1.409021400307098e-01
    1.479533958978796e-01
    1.673099992818772e-01
    1.968122193001554e-01
    2.255733667983240e-01
    2.455949188918671e-01
    2.517076904361715e-01
    2.504847908341845e-01
    2.337443161372121e-01
    2.147113700943604e-01
    2.120017357195358e-01
    2.234902076943723e-01
    2.438823308762439e-01
    2.537813668971567e-01
    2.418671780134063e-01
    2.253111346317960e-01
    2.242076977040153e-01
    2.419751287985572e-01
    2.598534716952705e-01
    2.583925531352405e-01
    2.407325116295622e-01
    2.277452812702907e-01
    2.265409393430118e-01
    2.224493036156749e-01
    2.200707634401278e-01
    2.214414712866986e-01
    2.307917901626699e-01
    2.440001205689368e-01
    2.534836823988385e-01
    2.762928796122011e-01
    3.066565630798812e-01
    3.279726250589676e-01
    3.341808273284474e-01
    3.377120855570870e-01
    3.490807633303561e-01
    3.563800836573972e-01
    3.548945040204377e-01
    3.540612226789230e-01
    3.440394663854096e-01
    3.236851899117488e-01
    3.095260149323364e-01
    3.029018624644420e-01
    2.979255480233922e-01
    2.759365474707254e-01
    2.350336992352908e-01
    2.043909938543820e-01
    1.955266789591159e-01
    1.954185521729102e-01
    1.860097587254717e-01
    1.632574477156457e-01
    1.340257930679511e-01
    1.021882032869148e-01
    8.077830551542098e-02
    8.342387813815133e-02
    9.850028096796581e-02
    1.066246840967167e-01
    1.030208978682712e-01
    8.660222374206272e-02
    7.075660806914241e-02
    6.509024670834807e-02
    7.496173110277615e-02
    9.043781028199804e-02
    9.226008464925162e-02
    1.002052760127592e-01
    1.285462723890363e-01
    1.422809958269433e-01
    1.347052083377220e-01
    1.242146649352049e-01
    1.174958650464486e-01
    1.111412174587201e-01
    9.229931589115559e-02
    6.983142277768750e-02
    6.040369002074386e-02
    6.721023661204972e-02
    7.974456767648519e-02
    8.114098239807577e-02
    6.872175769535249e-02
    5.746993275294043e-02
    5.990620648304135e-02
    6.807463420265392e-02
    7.505949234853815e-02
    8.436726868522815e-02
    9.784805664238005e-02
    1.086625533880697e-01
    1.141412515809526e-01
    1.113326099539452e-01
    9.040693402900701e-02
    7.000025541457955e-02
    4.311204330385565e-02
    7.531149712198815e-03
   -4.310594955257985e-03
    4.415105011442710e-03
    6.300291767386001e-03
   -3.750185286729990e-03
    8.236812338571209e-03
    5.860854196804433e-02
    1.110941524827036e-01
    1.365173388589636e-01
    1.446017648685505e-01
    1.596441829704442e-01
    1.852983586870188e-01
    2.028268860132187e-01
    2.043037078453652e-01
    2.015146453364081e-01
    1.979049753128370e-01
    1.922486674069290e-01
    1.859632877750239e-01
    1.805321509190366e-01
    1.788555915453927e-01
    1.833141411250611e-01
    1.866779049916889e-01
    1.744284905922833e-01
    1.545057502540081e-01
    1.460872688960951e-01
    1.493585795633562e-01
    1.547070153063096e-01
    1.651350538177493e-01
    1.676607617155668e-01
    1.645058885814532e-01
    1.632231242675369e-01
    1.565017515885897e-01
    1.669814313865314e-01
    1.847913611977176e-01
    1.755802640421059e-01
    1.638112192085583e-01
    1.752396934946646e-01
    1.682811543589213e-01
    1.393318029968280e-01
    1.247861866277880e-01
    1.235871953305476e-01
    1.214437054206288e-01
    1.049957218305386e-01
    1.013168980656032e-01
    1.183825651539722e-01
    1.266769082327704e-01
    1.182149343169170e-01
    1.039258663704384e-01
    1.010512294686985e-01
    1.039125285025699e-01
    9.708622914121556e-02
    8.302935792783711e-02
    7.038174495005933e-02
    6.553238767045860e-02
    6.936979930168813e-02
    7.416261632893800e-02
    8.387963856764158e-02
    8.771798541801212e-02
    8.784993911657907e-02
    9.310355632288075e-02
    8.960162432003593e-02
    7.731253929681187e-02
    6.619223019433657e-02
    6.811101510401957e-02
    8.262718478151437e-02
    8.074743031776854e-02
    5.556787161022841e-02
    3.954409519909052e-02
    2.850256948469354e-02
    1.151643279744569e-02
   -1.817923745857097e-03
   -1.072501910482970e-02
   -2.741169281710559e-02
   -4.524970791144473e-02
   -4.931067628877350e-02
   -4.830127416151742e-02
   -3.610068894305429e-02
   -1.639200916725730e-02
   -1.230738144767873e-02
   -1.701595116498200e-02
   -2.393997677832660e-02
   -2.905117175427546e-02
   -2.850271680188615e-02
   -2.995616862819822e-02
   -2.588705587927953e-02
   -2.205865160501391e-02
   -1.719207347526203e-02
   -7.057427799733174e-03
   -7.691816029698761e-03
   -2.267491087793033e-02
   -3.349076871226070e-02
   -2.400906395638003e-02
   -1.102939416287446e-02
   -3.247633557649510e-03
   -3.727165372075514e-03
   -9.222655806684077e-03
   -6.060748771741509e-03
    5.350573676174419e-04
    3.631119298039553e-03
    7.146130891406977e-03
    1.361238715520824e-02
    2.169991210921679e-02
    3.136430089391407e-02
    3.908894440766864e-02
    4.787146716095092e-02
    5.353613599981599e-02
    4.702910651560727e-02
    3.207475375755636e-02
    2.628746925488590e-02
    3.685239408187380e-02
    5.729009474337549e-02
    7.419425155322512e-02
    8.657017722091265e-02
    1.032082650444330e-01
    1.058813127928465e-01
    9.935334136828372e-02
    1.066018572546920e-01
    1.153986498326792e-01
    1.167360316681021e-01
    1.196234747936897e-01
    1.164909633634748e-01
    1.099858146184024e-01
    1.106459410039906e-01
    1.144590994196643e-01
    1.277386631309013e-01
    1.415011748856626e-01
    1.412891764659069e-01
    1.363009923385361e-01
    1.274185638492059e-01
    1.164746728198535e-01
    1.084493112937657e-01
    1.015921665286518e-01
    9.811346428980405e-02
    8.524732941999125e-02
    7.623773049243721e-02
    7.997438229580545e-02
    7.931045238572909e-02
    8.084670915755765e-02
    8.927940529721623e-02
    8.961042278740339e-02
    8.218585259299915e-02
    6.769942743968971e-02
    4.471160924631512e-02
    4.412243084283451e-02
    6.243821052367537e-02
    8.071262273803725e-02
    7.590176359104750e-02
    3.767214488270387e-02
    1.046085542796837e-03
   -1.636177899225877e-02
   -1.106665385273375e-02
   -6.295314518478534e-04
   -1.185971078628445e-02
   -2.382942194260995e-02
   -1.198794511769463e-02
   -1.529614236639443e-03
   -1.940375616604206e-03
    5.347366536309628e-03
    3.160778890300975e-03
   -1.509000973531072e-02
   -3.099171180896698e-02
   -3.105071933886427e-02
   -1.829069243091674e-02
   -9.648771745487394e-03
   -8.604964845347340e-03
   -4.807914780243228e-03
    4.091386467800495e-03
    2.108517850106850e-02
    4.013894388019634e-02
    4.377676476239933e-02
    4.048992768692805e-02
    3.703500523536019e-02
    2.469787107425236e-02
    1.175110704489113e-02
   -6.013062367804523e-05
   -1.161247159947476e-02
   -1.889653019453874e-02
   -2.814647953204186e-02
   -2.793685155845882e-02
   -2.013895067295324e-02
   -1.293499420757405e-02
    1.221288143204158e-02
    3.587836479735707e-02
    3.352498409047333e-02
    1.459951997451581e-02
   -5.510162697370813e-03
   -9.893167414729009e-03
   -1.954770919962878e-02
   -3.205601301462135e-02
   -3.502775368791899e-02
   -4.124871513432993e-02
   -3.945462482714879e-02
   -2.353078741876569e-02
   -7.929774865419459e-03
    4.918101409231990e-03
    4.539431382305503e-04
   -1.244612847685844e-02
   -3.149739130050566e-03
    1.505737757049264e-02
    2.618731349097791e-02
    2.998272323411710e-02
    3.336013336418753e-02
    3.773256736963326e-02
    2.736035941354131e-02
    1.714789455981913e-02
    1.879123960726148e-02
    1.187904337280665e-02
   -6.718621944649117e-03
   -1.673462495004052e-02
   -6.171060203512546e-03
    1.830515196764415e-02
    4.614002789324667e-02
    5.678446228748968e-02
    5.525615463571221e-02
    5.301060456201434e-02
    3.842401680038132e-02
    1.146772055660106e-02
   -1.202219033571705e-02
   -2.886819371211991e-02
   -2.797256837901330e-02
   -1.485373828892134e-02
   -2.159437840064005e-02
   -4.934354363892779e-02
   -7.252086201592178e-02
   -8.219492577551724e-02
   -1.044071875742830e-01
   -1.378191060944078e-01
   -1.560880278748245e-01
   -1.518059945804934e-01
   -1.306155046733581e-01
   -1.009724632368730e-01
   -7.040115968052041e-02
   -6.025025790587279e-02
   -5.725473635946943e-02
   -4.632034768825788e-02
   -2.521484263321216e-02
   -2.801629622050106e-03
   -5.886814367987991e-03
   -1.426590874729960e-02
   -1.332612896300822e-02
   -2.463017409503554e-02
   -3.680012202146088e-02
   -3.371313326252234e-02
   -3.703516924524752e-02
   -4.640052819897988e-02
   -6.511401727972821e-02
   -1.001328945250068e-01
   -1.324875692506056e-01
   -1.565200194134347e-01
   -1.640462892388067e-01
