   -4.233822858031339e-02
   -4.201840410523294e-02
   -3.991145834067095e-02
   -4.603360099925208e-02
   -5.366043378541213e-02
   -6.000138150559567e-02
   -6.226671222576655e-02
   -6.402910427935907e-02
   -6.902205497474001e-02
   -6.877655408568772e-02
   -6.328227721840191e-02
   -6.270445573680436e-02
   -6.967351245547065e-02
   -7.710964013397978e-02
   -7.787616927943053e-02
   -7.241982358410642e-02
   -6.059426185110905e-02
   -4.585164993791330e-02
   -4.735548162154546e-02
   -5.176415919956184e-02
   -4.130311838218631e-02
   -3.126358121663897e-02
   -1.847199936815425e-02
    1.268445470920532e-03
    1.099827163071110e-02
    1.293994050440755e-02
    1.947679382644923e-02
    2.470797232713429e-02
    2.996767829374386e-02
    3.230990875386419e-02
    3.584134734131439e-02
    4.302782916371817e-02
    3.468479747459063e-02
    2.500258025800617e-02
    3.395165888727708e-02
    3.214579307677240e-02
    1.844095580111255e-02
    2.022028351228666e-02
    2.786363621352039e-02
    3.041714443065308e-02
    2.585489356057291e-02
    1.580079438312371e-02
    4.681238012844702e-03
   -9.172873361614764e-03
   -1.399296722300603e-02
   -9.099149826818087e-03
   -1.527061190989359e-02
   -1.650344394646508e-02
   -1.422034299968650e-02
   -1.933231821509424e-02
   -8.925412523490828e-03
    5.817185964263061e-05
   -1.781046705789435e-02
   -3.295768655037473e-02
   -3.168055386441937e-02
   -3.077940261996398e-02
   -3.267414832710813e-02
   -2.795397417959533e-02
   -1.739728192875101e-02
   -1.436788850393222e-02
   -1.054068482509135e-02
    2.010509521450377e-03
    7.562367138905790e-03
   -1.226583279440308e-03
   -1.787982785661779e-02
   -3.312384401070706e-02
   -3.929990059635319e-02
   -3.652476233819951e-02
   -3.246465814348121e-02
   -1.971371607493000e-02
   -1.230534286651624e-02
   -1.540110029870090e-02
   -1.977417346539778e-03
    2.008243010642036e-02
    2.738098951151707e-02
    2.371986436533607e-02
    2.054542330542281e-02
    1.850268827322116e-02
    2.718158488139277e-02
    4.386732939005822e-02
    4.714262391052187e-02
    3.792436787018377e-02
    3.828385851658539e-02
    4.563148779286125e-02
    4.481289743462846e-02
    4.621912165709036e-02
    6.018714617503418e-02
    7.439244053036531e-02
    7.459029694637520e-02
    6.684760222476938e-02
    5.608721158965504e-02
    4.308920667361008e-02
    4.921339172914499e-02
    6.753460180218426e-02
    8.833470847156522e-02
    1.150390953748356e-01
    1.414090895419307e-01
    1.634175909956385e-01
    1.799530284658833e-01
    2.000110676392208e-01
    2.185535952261339e-01
    2.315900726972870e-01
    2.350276649405072e-01
    2.383581483959202e-01
    2.422969350850888e-01
    2.335667847364174e-01
    2.210468024882165e-01
    2.263174430065118e-01
    2.488895639434827e-01
    2.644888540292338e-01
    2.761286208245722e-01
    2.840927970700161e-01
    2.792356290042067e-01
    2.649376724572869e-01
    2.606186475558925e-01
    2.746792786534169e-01
    2.853528803251346e-01
    2.879546811462663e-01
    2.974622941688054e-01
    3.150720364068388e-01
    3.378880742655488e-01
    3.424768439425330e-01
    3.243242341907293e-01
    3.089943150457247e-01
    2.964997397509150e-01
    2.823728605845199e-01
    2.747160499657841e-01
    2.675348406081546e-01
    2.628103358666922e-01
    2.745755934979255e-01
    2.903787282959613e-01
    3.047701950758597e-01
    3.264771064356597e-01
    3.400244339703584e-01
    3.183971153246290e-01
    2.880683497399572e-01
    2.735598341954959e-01
    2.605449427799211e-01
    2.570317101214681e-01
    2.567156616986588e-01
    2.553034263801390e-01
    2.577148519697270e-01
    2.647745588715478e-01
    2.679473970153357e-01
    2.651573409376895e-01
    2.550850866974053e-01
    2.458493205089929e-01
    2.588376563926875e-01
    2.638209273947001e-01
    2.461004625620722e-01
    2.270371151836048e-01
    2.207004638724830e-01
    2.280607548712377e-01
    2.341014846685385e-01
    2.287893244619255e-01
    2.080951188509439e-01
    1.801708494718979e-01
    1.739459527673382e-01
    1.812250809119276e-01
    1.707836469530477e-01
    1.536180448900093e-01
    1.481564397412016e-01
    1.465029753739289e-01
    1.458587234564435e-01
    1.535736798188136e-01
    1.727020737136753e-01
    1.953714770837178e-01
    2.086031938009270e-01
    2.112047542777418e-01
    2.102035691968807e-01
    2.091467018437398e-01
    1.906699190053540e-01
    1.623626086765106e-01
    1.582898852059567e-01
    1.605579668505985e-01
    1.527664593621425e-01
    1.567298631999847e-01
    1.751788685665412e-01
    1.994234767417635e-01
    2.117560638908933e-01
    1.915024369851315e-01
    1.639665651973243e-01
    1.490497442391980e-01
    1.315004814120146e-01
    1.197480812327911e-01
    1.166987149921295e-01
    1.040322412997163e-01
    8.224736940655619e-02
    5.870001632051647e-02
    5.030628771225842e-02
    6.357300924387799e-02
    7.335863899830875e-02
    7.216238644781603e-02
    7.095583577898745e-02
    7.462520096348069e-02
    8.509967844423816e-02
    9.889048028704384e-02
    1.089468260161386e-01
    1.082927063045069e-01
    9.898972579085230e-02
    8.628050409439147e-02
    8.685880445724603e-02
    1.049162938302972e-01
    1.188297258193827e-01
    1.293233265471438e-01
    1.427854075230317e-01
    1.457695388691160e-01
    1.394099764070300e-01
    1.319590497565670e-01
    1.201302108022007e-01
    9.932053206157532e-02
    7.697544561716896e-02
    7.063012241514954e-02
    8.336700688400533e-02
    1.027591075496059e-01
    1.223080778556884e-01
    1.414667452489349e-01
    1.536711843582439e-01
    1.511760913248295e-01
    1.442804487533356e-01
    1.389360355875979e-01
    1.208907730944331e-01
    9.347980423180413e-02
    8.063951677671044e-02
    8.422322868701260e-02
    8.799042393351719e-02
    9.048054641750625e-02
    8.954175783479901e-02
    9.047550319285502e-02
    8.760247766613327e-02
    7.137029707494413e-02
    5.068786340548970e-02
    3.057240986554355e-02
    2.462845329036289e-02
    4.227522379458781e-02
    6.397525327364706e-02
    6.453198206538557e-02
    4.290557527261374e-02
    3.187093443705047e-02
    4.273293057160288e-02
    4.528130750548032e-02
    4.023310551211967e-02
    4.109804168029196e-02
    4.223244582912011e-02
    4.245961942320742e-02
    2.621155334752157e-02
    2.063817043191918e-03
   -1.781230777401444e-02
   -3.177018008478472e-02
   -3.718173245105927e-02
   -6.180736359076011e-02
   -8.832857544437189e-02
   -8.551950771960248e-02
   -6.948216709348198e-02
   -7.375711628174964e-02
   -9.480449827922843e-02
   -1.073624609084223e-01
   -1.066392721695175e-01
   -1.038599430863862e-01
   -1.156477547028167e-01
   -1.253036792623829e-01
   -1.269134757890078e-01
   -1.319034898295568e-01
   -1.430158532897252e-01
   -1.655655879784113e-01
   -1.831111657617468e-01
   -1.866681408962534e-01
   -1.853672411995833e-01
   -1.779056089118436e-01
   -1.765320309300034e-01
   -1.946141094008191e-01
   -2.180176602979111e-01
   -2.198466610869176e-01
   -2.046370287591914e-01
   -2.027623399481682e-01
   -2.058206477631841e-01
   -1.968658860510786e-01
   -1.880686842988188e-01
   -1.819809679624340e-01
   -1.791711056544831e-01
   -1.957658976336263e-01
   -2.375736214475399e-01
   -2.711206661488497e-01
   -2.706855591500390e-01
   -2.469466935699982e-01
   -2.326373354881905e-01
   -2.422244601383283e-01
   -2.541719706805268e-01
   -2.514811754128465e-01
   -2.415163041393464e-01
   -2.226852480314112e-01
   -2.009340495120171e-01
   -1.966345451625084e-01
   -1.956317338792102e-01
   -1.898946152199610e-01
   -1.819595409750563e-01
   -1.746228497569202e-01
   -1.667471684587696e-01
   -1.519229045172121e-01
   -1.431082541780782e-01
   -1.472269459645714e-01
   -1.507736521470271e-01
   -1.461642693611254e-01
   -1.381155983748517e-01
   -1.352311195045286e-01
   -1.291910694772480e-01
   -1.033104688573749e-01
   -6.282190680704458e-02
   -4.330118093686885e-02
   -5.039033073796051e-02
   -5.487453341472492e-02
   -4.902059458991692e-02
   -5.235050690575394e-02
   -6.964641611545530e-02
   -7.441121388910732e-02
   -7.162869509824143e-02
   -6.432261631003744e-02
   -5.901927378860528e-02
   -6.948532779218475e-02
   -7.414845479599363e-02
   -7.468567081942323e-02
   -8.330071619910728e-02
   -9.258404054119818e-02
   -9.681981702112874e-02
   -1.041824457214069e-01
   -1.291516566530193e-01
   -1.552288106229971e-01
   -1.555428862836905e-01
   -1.408987110419213e-01
   -1.209770399646104e-01
   -1.011656914041770e-01
   -1.072977314928492e-01
   -1.214331987955941e-01
   -1.248659900977467e-01
   -1.349091841629169e-01
   -1.432107764106527e-01
   -1.407591534125141e-01
   -1.246337991959268e-01
   -8.746262648355985e-02
   -5.668574409137150e-02
   -3.783659019915064e-02
   -1.544444373976050e-02
   -4.351437268311775e-03
    4.945497412967015e-04
    1.562680100638092e-02
    3.176815120383591e-02
    3.770588661752172e-02
    3.799648120069277e-02
    3.632227798000209e-02
    2.667314355150663e-02
   -5.166097875026754e-03
   -3.448471388945662e-02
   -3.992007593488944e-02
   -4.966000312991103e-02
   -5.891589743980186e-02
   -5.304590831720857e-02
   -5.284363100623524e-02
   -6.403154997332128e-02
   -6.819553098588615e-02
   -5.515316829612260e-02
   -3.327241952208571e-02
   -1.241119073742580e-02
   -2.369351917119733e-03
   -2.097174362742260e-02
   -6.061785152792432e-02
   -1.005198454518663e-01
   -1.233077624724011e-01
   -1.179687512897698e-01
   -1.066036244312962e-01
   -1.124150002567992e-01
   -1.202551160872489e-01
   -1.096765471158034e-01
   -8.534622112743029e-02
   -6.452019363636041e-02
   -4.678985608067898e-02
   -2.325877768834528e-02
   -1.475946946101647e-02
   -2.242220924507765e-02
   -2.830992312939262e-02
   -3.101967593901911e-02
   -2.596774942276836e-02
   -2.121718465794120e-02
   -2.504417297876982e-02
   -2.602711058463436e-02
   -2.209991704052450e-02
   -2.229543572509596e-02
   -2.973478657648299e-02
   -3.243204016259660e-02
   -3.131947452883699e-02
   -3.861202169283984e-02
   -4.369311970097045e-02
   -5.129166286456988e-02
   -6.689675676300522e-02
   -8.411000394401347e-02
   -9.417429737856975e-02
   -8.680056854569629e-02
   -6.889071398974655e-02
   -5.954348993314262e-02
   -6.815845183335334e-02
   -8.194810592507373e-02
   -9.303903727804541e-02
   -9.403124774527649e-02
   -9.365074974382770e-02
   -1.013022604250402e-01
   -1.097531827187981e-01
   -1.207619489614231e-01
   -1.389790871061147e-01
   -1.536238406817014e-01
   -1.621054466168748e-01
   -1.766770918660521e-01
   -1.903730767963396e-01
   -2.005158557014730e-01
   -2.239236268041089e-01
   -2.594910832493225e-01
   -2.820920785312686e-01
   -2.833553108660580e-01
   -2.726096102014308e-01
   -2.487271149105130e-01
   -2.170703883673530e-01
   -2.005560295746367e-01
   -2.077543447682872e-01
   -2.048087033135171e-01
   -1.885317771813688e-01
   -1.910562370759472e-01
   -1.973726869531234e-01
   -2.003633026837148e-01
   -1.937869074701648e-01
   -1.717083975709988e-01
   -1.544602732543779e-01
   -1.526881255670171e-01
   -1.533815724219925e-01
   -1.423424602869755e-01
   -1.328025159457513e-01
   -1.418093007870636e-01
   -1.588534576004361e-01
   -1.691740343715134e-01
   -1.673376370866128e-01
   -1.561873313259207e-01
   -1.564418988356631e-01
   -1.680320808559516e-01
   -1.737720187524938e-01
   -1.818190157482596e-01
   -1.911012466892517e-01
   -1.855429149749149e-01
   -1.713329169337327e-01
   -1.606711724168547e-01
   -1.642891679262017e-01
   -1.804233491193696e-01
   -1.899738695418847e-01
   -1.930414405235133e-01
   -1.911716790266342e-01
   -1.784188299458486e-01
   -1.607927294599751e-01
   -1.431572186077284e-01
   -1.282079882098174e-01
   -1.282708811239649e-01
   -1.383455960972646e-01
   -1.293566069222686e-01
   -1.128270319200594e-01
   -1.083507100373027e-01
   -1.139199382231965e-01
   -1.226579859973986e-01
   -1.264004119333902e-01
   -1.256033832604959e-01
   -1.280786751592815e-01
   -1.366372232107657e-01
   -1.524337555159500e-01
   -1.647622233438018e-01
   -1.668301575570599e-01
   -1.699783460478491e-01
   -1.661654827574496e-01
   -1.422258507293203e-01
   -1.104840775270538e-01
   -9.451813323226588e-02
   -9.919433127322130e-02
   -1.137408291498690e-01
   -1.244915841019822e-01
   -1.168159516379536e-01
   -1.003229470421035e-01
   -9.659501924676545e-02
   -1.017740757753355e-01
   -1.132385041807174e-01
   -1.246110139803455e-01
   -1.212732928946031e-01
   -1.090071285219893e-01
   -1.025809042069722e-01
   -9.750602038464201e-02
   -8.408621220669127e-02
   -6.297075423762122e-02
   -5.396856063396072e-02
   -4.833704516769455e-02
   -2.898651066136182e-02
   -1.208915349006467e-02
   -1.180567842415381e-03
    4.145075357321337e-03
    6.135538629853388e-03
    3.571829652413983e-03
    2.197049667627127e-03
    1.144508290050861e-02
    1.945184968526581e-02
    2.229419603153315e-02
    1.771366361995375e-02
    8.455722500158025e-03
    1.751397474214433e-02
    3.436161402344762e-02
    2.929844888033883e-02
    1.231279554351539e-02
    2.427653128139751e-04
   -9.647170099005287e-03
   -2.095329294933723e-02
   -3.022506776074851e-02
   -3.651864555345496e-02
   -3.641271697934156e-02
   -3.069229660478401e-02
   -2.580873716271470e-02
   -2.646905092819118e-02
   -3.851494557133350e-02
   -5.905063842265079e-02
   -6.999872978802502e-02
   -5.717724527119439e-02
   -3.334432088566930e-02
   -2.104997139895814e-02
   -1.640071167718360e-02
   -1.824122445504506e-02
   -3.244264379010764e-02
   -5.199709175928047e-02
   -6.531256067033919e-02
   -6.361010749729890e-02
   -6.958435923242912e-02
   -7.538121285830701e-02
   -6.390967208265985e-02
   -6.503926087961520e-02
   -7.200515323843193e-02
   -6.315534702273085e-02
   -4.611507368453394e-02
   -2.867685820055588e-02
   -2.452718208109772e-02
   -2.092186611726277e-02
   -1.022991650832972e-02
   -2.724061110943587e-02
   -4.945305123403798e-02
   -4.962460916710265e-02
   -5.309146885294824e-02
   -5.185424795458027e-02
   -4.560586585383053e-02
   -4.683102805172534e-02
   -4.501486922089487e-02
   -4.133259058524991e-02
   -4.430974179865710e-02
   -5.054977391569349e-02
   -4.864024553215662e-02
   -4.162363535783586e-02
   -5.001841178430055e-02
   -5.432146196689303e-02
   -4.626143372404745e-02
   -4.572091164281367e-02
   -4.564563201078009e-02
   -3.874119026479717e-02
   -3.568086485381428e-02
   -4.572225780258177e-02
   -6.159370042636114e-02
   -7.525080310876620e-02
   -8.775826135866915e-02
   -9.604089758477818e-02
   -1.045486345165536e-01
   -1.280812076834181e-01
   -1.576969619391477e-01
   -1.863096140199672e-01
   -2.112019621654959e-01
   -2.215197194056240e-01
   -2.261690508343872e-01
   -2.229811162874018e-01
   -2.060682530368152e-01
   -1.917943025985802e-01
   -1.874390234815471e-01
   -1.991525576531228e-01
   -2.143818915583462e-01
   -2.148534224615339e-01
   -2.088056662049365e-01
   -1.968408077443795e-01
   -1.834843946199183e-01
   -1.705844872925510e-01
   -1.657399662087944e-01
   -1.716125392482659e-01
   -1.623197201809967e-01
   -1.367174886233702e-01
   -1.104120339053982e-01
   -9.650420746034505e-02
   -9.814676276365564e-02
   -1.075682515559451e-01
   -1.151895076842879e-01
   -1.062003277642209e-01
   -8.898500039800195e-02
   -8.486457677050807e-02
   -9.457500667781060e-02
   -9.731073064888407e-02
   -8.363702752232638e-02
   -7.038321055066743e-02
   -6.426744545819818e-02
   -5.690142801653586e-02
   -4.155765440748471e-02
   -2.401177082439143e-02
   -1.240584355179486e-02
   -1.140425944592072e-02
   -2.528736273212595e-02
   -4.484447040785211e-02
   -4.323719661254777e-02
   -2.345201043416290e-02
    1.238731500539103e-03
    2.438845657894095e-02
    2.231007668478946e-02
    6.702468122390393e-03
    3.919674800972883e-03
    7.767014023829510e-03
    1.112055884552432e-02
    2.428881022388252e-02
    3.310971343929880e-02
    2.078214121354005e-02
    5.086523293497125e-03
   -3.406658975323440e-03
   -1.851552104769172e-02
   -3.627844195865704e-02
   -4.060570143813891e-02
   -4.210869931966066e-02
   -4.800738801218118e-02
   -4.990944510593232e-02
   -4.077567542568161e-02
   -1.925927915956804e-02
    7.031459136275231e-04
    1.815158870745348e-02
    3.604568843214362e-02
    4.494713413779050e-02
    5.161800776650960e-02
    5.194909911170997e-02
    4.507522315020274e-02
    3.773990481253042e-02
    2.834048518960741e-02
    8.879636255587631e-03
   -9.411952962015135e-03
   -2.626351867115351e-02
   -4.075365930282571e-02
   -4.910806559420888e-02
   -5.474360716980042e-02
   -4.524865541680412e-02
   -3.202772216506888e-02
   -1.645815641853732e-02
   -5.399305196820414e-03
    1.252626635430687e-03
    5.318205449694746e-03
   -2.496995988914286e-03
   -1.514418798696071e-02
   -1.788740481740048e-02
   -8.091122558732122e-03
    6.074330061236477e-03
    1.609754165436628e-02
    2.750405904825448e-02
    4.574756247634704e-02
    5.926127901618172e-02
    6.777279256177882e-02
    6.484298990023785e-02
    5.757950428789238e-02
    5.325362506688580e-02
    5.565364797988193e-02
    7.200587858473328e-02
    7.491256577749295e-02
    5.930254543133229e-02
    5.573950519792259e-02
    6.489897922104748e-02
    6.095679346960869e-02
    4.124438534871655e-02
    1.607795652390553e-02
    5.462581759954066e-03
    1.971828133898512e-02
    3.957730132514770e-02
    5.586204226133429e-02
    6.513716046206763e-02
    6.536949840786899e-02
    5.201400117959221e-02
    3.846451982153720e-02
    3.543230691784638e-02
    3.832026595155691e-02
    4.195633513247810e-02
    3.010422767380394e-02
    2.006528571122712e-02
    1.146944687358653e-02
    1.569175195924588e-03
   -5.300853535943340e-03
   -1.340493654157782e-02
   -1.406068016609918e-02
   -1.597735707354886e-02
   -3.481198882656411e-02
   -5.584919695173274e-02
   -5.570420366686424e-02
   -4.362451914965981e-02
   -3.691065813891670e-02
   -4.217224726544622e-02
   -6.201395963580270e-02
   -8.452202393569808e-02
   -9.525078704847423e-02
   -1.041174325926997e-01
   -1.110330163781115e-01
   -9.854818975936208e-02
   -7.383549785249577e-02
   -5.157617107559576e-02
   -2.555422460427503e-02
   -1.057329252492911e-03
    1.113088303690279e-02
    7.525275693229805e-03
   -6.962100744147826e-03
   -1.580232545970950e-02
   -1.800335254686147e-02
   -2.067706382822387e-02
   -2.045417236144709e-02
   -1.647985668099983e-02
   -3.076308204660316e-03
    1.257211853574636e-02
    2.864709579126656e-02
    4.741835131688354e-02
    4.971852720896175e-02
    4.263409677968122e-02
    3.552856841279817e-02
    3.113921184450308e-02
    3.892637577291636e-02
    5.959095676198234e-02
    8.585593152788396e-02
    9.421873834671080e-02
    8.191612062323772e-02
    6.379397930807551e-02
    4.641353532746861e-02
    4.539244791029518e-02
    5.366546162323793e-02
    5.322321922710427e-02
    3.770301807255239e-02
    1.608780833053602e-02
    5.603816146024787e-03
    5.798119285634895e-03
    1.848364852782391e-02
    3.675168158336573e-02
    3.705528285562920e-02
    1.849275885140722e-02
    4.901639284620174e-03
    1.072730770135255e-04
    3.398412290706032e-03
    1.012823818274278e-02
    1.347480736024642e-02
    1.436691694414849e-02
    1.862781852299600e-02
    2.765527712897509e-02
    2.444060494340650e-02
    1.717496648504291e-02
    2.877268288999812e-02
    4.969846954387958e-02
    6.169282489230321e-02
    6.947786449081561e-02
    6.874129518552596e-02
    6.826979561151081e-02
    7.346914235487723e-02
    8.008933806914476e-02
    1.101971366333199e-01
    1.540170196402102e-01
    1.822633980571087e-01
    1.975457839356687e-01
    2.078228209507427e-01
    2.040859424834041e-01
    2.005535109200329e-01
    2.052258110817107e-01
    2.011106886105707e-01
    1.928806113942871e-01
    1.866914523863927e-01
    1.823631888444643e-01
    1.805773861923643e-01
    1.798129695330264e-01
    1.844565476497273e-01
    1.886123727313704e-01
    1.866052082546787e-01
    1.862152987506949e-01
    1.949285167585790e-01
    1.932255191418941e-01
    1.762416827124225e-01
    1.527124816884851e-01
    1.348192947260252e-01
    1.274881071916079e-01
    1.222511016444328e-01
    1.316551635889571e-01
    1.372445416795845e-01
    1.191626138475599e-01
    9.451147224335432e-02
    8.239954073656353e-02
    7.844901687758699e-02
    7.875770484164990e-02
    8.254772800611432e-02
    7.656017721564878e-02
    6.814214203624436e-02
    7.835503897373808e-02
    8.915824579795284e-02
    8.571150699118291e-02
    7.965004936748343e-02
    7.471633554641810e-02
    6.576741257741103e-02
    5.063984266807819e-02
    3.952111632924582e-02
    3.900655309648893e-02
    5.301469632813527e-02
    7.407702228315549e-02
    9.238791594618656e-02
    9.656776102909659e-02
    8.325068456470963e-02
    7.630292721394594e-02
    7.776341007398851e-02
    6.739046661083298e-02
    5.544763763004196e-02
    5.372570962488638e-02
    3.237393533773503e-02
   -3.316117089872395e-03
   -2.309203111456215e-02
   -3.457987949788272e-02
   -4.298740400540568e-02
   -3.838708642425276e-02
   -2.725522322442470e-02
   -4.224130777846308e-02
   -7.680623218471794e-02
   -9.450886771499301e-02
   -7.978272158683658e-02
   -4.608804080898088e-02
   -1.388228057569219e-02
    4.104891373511443e-03
    5.253094756735299e-04
   -1.947251112111026e-02
   -3.693036468037869e-02
   -3.930371174170666e-02
   -4.360713395729798e-02
   -6.140838636717161e-02
   -7.968937022302336e-02
   -8.179220550850130e-02
   -6.168303523241991e-02
   -3.585399189170668e-02
   -2.358248503973481e-02
   -1.306669169363894e-02
   -7.995161286176167e-03
   -2.709711843763174e-02
   -6.250266141751559e-02
   -8.919784891531279e-02
   -1.038456478694494e-01
   -1.324454396615959e-01
   -1.588042548142860e-01
   -1.584708296349147e-01
   -1.438607907162548e-01
   -1.204142075019182e-01
   -9.553090166071782e-02
   -8.166324402475417e-02
   -8.230815252927237e-02
   -8.410902901806239e-02
   -7.698671983128014e-02
   -6.049755093477938e-02
   -2.734943157062686e-02
   -1.036339736510961e-02
   -2.979491916899502e-02
   -4.851783668410437e-02
   -5.574616252170261e-02
   -5.772682055268707e-02
   -5.307592369471759e-02
   -5.042431503419431e-02
   -6.096260883322047e-02
   -6.836675943002857e-02
   -5.752160006433193e-02
   -3.247646720667685e-02
   -4.467357717379272e-03
    1.412377629111283e-02
    3.099206772458674e-02
    3.826115034366029e-02
    1.931536286839508e-02
   -1.736818012433194e-02
   -3.681286341460477e-02
   -2.486250086199737e-02
    1.252091938345190e-03
    2.742840359607146e-02
    3.697143669570635e-02
    2.548921558786277e-02
    9.977019362210626e-03
    1.002323155478768e-02
    2.298588149330705e-02
    3.149559709566430e-02
    2.651039408110845e-02
    1.248990641962044e-02
   -1.183756950875470e-03
   -3.175289238752654e-03
    1.918483715566133e-03
   -3.270846948122408e-03
   -3.106574551071106e-02
   -6.277986797166180e-02
   -6.347447354377089e-02
   -5.297666182802363e-02
   -5.260879958360332e-02
   -4.428721438194283e-02
   -2.796789758789053e-02
   -1.399648022527122e-02
   -4.582340684833319e-03
    1.605573991382281e-03
    1.502525330122517e-02
    3.113515225232177e-02
    3.462983133687536e-02
    2.519477557438421e-02
    1.308591700590611e-02
    4.251552413969684e-04
   -1.992794016021815e-02
   -3.017066659045886e-02
   -1.425143132923856e-02
    1.036470786140442e-02
    2.811499989518573e-02
    3.537996120820730e-02
    4.178861437979631e-02
    5.492122681323597e-02
    7.675190180235547e-02
    1.002571704945476e-01
    1.161972228006358e-01
    1.298161347475069e-01
    1.444381773804393e-01
    1.610853458985451e-01
    1.797092890391147e-01
    2.031577106718832e-01
    2.199576155269500e-01
    2.148591861280469e-01
    2.087485099009023e-01
    1.997855172926272e-01
    1.815263888840479e-01
    1.727312381594109e-01
    1.576739987438464e-01
    1.359676783557481e-01
    1.318182384609096e-01
    1.380776823009025e-01
    1.371923997149485e-01
    1.305842562418696e-01
    1.139430954773546e-01
    9.289778846862523e-02
    8.727956226254302e-02
    9.203961742854816e-02
    9.715160867615508e-02
    1.051519597885209e-01
    1.105538689496074e-01
    1.139233041920895e-01
    1.159398311391682e-01
    1.156742260056282e-01
    1.158362577893271e-01
    9.938906755228405e-02
    8.699580649776745e-02
    9.804242331406782e-02
    9.874730869029430e-02
    7.488212738883254e-02
    5.209017670791738e-02
    2.825941281040689e-02
    3.069944924733170e-03
    2.846502743211743e-04
    5.951095868854950e-03
   -4.141040911578853e-04
   -8.349908361561242e-03
   -1.167998779757207e-03
    1.321466654060993e-02
   -3.091190187053672e-03
   -2.937667793238730e-02
   -2.298836164802254e-02
   -3.353940713409498e-03
    1.388622705167292e-02
    2.656492875238586e-02
    3.842113711474776e-02
    6.140381447096277e-02
    8.903725107815730e-02
    1.053213120314542e-01
    1.022639157212926e-01
    8.000077725074509e-02
    6.523008911522993e-02
    6.575521478957846e-02
    5.645702089950813e-02
    4.489396692419517e-02
    5.307996085759215e-02
    7.085857389689018e-02
    7.122287705383604e-02
    6.636392479160119e-02
    6.946000850189538e-02
    6.508000648094425e-02
    5.228726922509905e-02
    4.025149458635274e-02
    4.349726695638600e-02
    5.113892051686428e-02
    5.579271589449708e-02
    4.306704768743036e-02
    8.734518438478778e-03
   -1.104428743465460e-02
   -6.934209208617342e-03
    6.030038476601413e-03
    8.822003277623447e-03
   -7.188562849686359e-03
   -2.375440765394851e-02
   -2.385170857369528e-02
   -2.511654833758870e-02
   -3.566224531212359e-02
   -4.941654029706172e-02
   -6.703732147646288e-02
   -6.519987346567530e-02
   -4.370483751167858e-02
   -3.608056735124834e-02
