   -2.451811947084992e-02
   -2.806250507844433e-02
   -2.767947358405489e-02
   -3.003209151268765e-02
   -3.294986098700929e-02
   -2.903288616286980e-02
   -2.710542645945935e-02
   -3.849449744291673e-02
   -5.772660845235190e-02
   -5.853959939133827e-02
   -3.740236552352730e-02
   -1.806616539453458e-02
   -4.355859448218827e-03
   -3.913260862642674e-03
   -1.297208564564056e-02
   -1.568078448759905e-03
    2.245499914776277e-02
    2.252405974714065e-02
    4.496377145141277e-03
   -2.233012838819826e-03
    1.803998938624679e-03
    1.641657568201733e-02
    3.941697603146228e-02
    4.291689278986526e-02
    3.178512142543258e-02
    3.618461550582108e-02
    3.591600937178340e-02
    1.609873173100266e-02
   -3.134188025109234e-03
   -1.292732244371987e-02
   -1.626620566935470e-02
   -2.016526508354512e-02
   -3.149080232940323e-02
   -4.573568026053966e-02
   -4.866785718114119e-02
   -4.641537155715245e-02
   -4.865910988926404e-02
   -5.067432254734310e-02
   -4.299878772727951e-02
   -3.810295259555698e-02
   -4.520514657564947e-02
   -4.447803479117093e-02
   -3.631523633686656e-02
   -1.808349664822781e-02
    1.249578768893242e-02
    3.645550115988855e-02
    3.622819084133241e-02
    1.949709138658350e-02
    7.187570328556492e-03
    3.490874505933453e-03
   -5.825150783816194e-03
   -2.173730089947590e-02
   -3.260822324214430e-02
   -3.570554023882927e-02
   -3.329851780741334e-02
   -3.614092658602575e-02
   -5.087695857142277e-02
   -6.598653809918392e-02
   -8.261708680501079e-02
   -9.396666053814472e-02
   -9.108017007442973e-02
   -8.990989985189664e-02
   -8.767336907794257e-02
   -8.560193048702661e-02
   -9.490022676144599e-02
   -1.130116452631945e-01
   -1.359425788517257e-01
   -1.547851391659461e-01
   -1.598448926376266e-01
   -1.627126129229435e-01
   -1.637948502624242e-01
   -1.510605158760916e-01
   -1.457562333672556e-01
   -1.585290077549564e-01
   -1.799899533611546e-01
   -1.932079206212095e-01
   -1.832812838243209e-01
   -1.816959904991150e-01
   -1.929409527298337e-01
   -1.917839549055356e-01
   -1.860843391882133e-01
   -1.922729656430888e-01
   -2.075935919509164e-01
   -2.246849506040871e-01
   -2.238626072195860e-01
   -2.022973485087565e-01
   -1.851205799956446e-01
   -1.743724039494493e-01
   -1.670156973340298e-01
   -1.721682290435311e-01
   -1.862927904515971e-01
   -1.947405300523186e-01
   -2.009814631263346e-01
   -2.062625912875443e-01
   -2.108026686187220e-01
   -2.154585223046884e-01
   -2.061025958691637e-01
   -1.935847799133933e-01
   -1.835780695300021e-01
   -1.748267093686062e-01
   -1.712912263096239e-01
   -1.662093203918968e-01
   -1.584467975642917e-01
   -1.496470042364617e-01
   -1.450594875997141e-01
   -1.395103464081365e-01
   -1.335176736486549e-01
   -1.353616442542532e-01
   -1.352081791861820e-01
   -1.472622200475532e-01
   -1.680213674948794e-01
   -1.657504600118348e-01
   -1.580083231604679e-01
   -1.457554301913938e-01
   -1.219198993982040e-01
   -1.116164355050187e-01
   -1.135011078356318e-01
   -1.080142970163533e-01
   -1.021821686741264e-01
   -1.141714659741833e-01
   -1.196091226490048e-01
   -1.064515819266054e-01
   -9.893828391273063e-02
   -9.860913839038199e-02
   -1.007288443813115e-01
   -9.605329489701164e-02
   -9.016164115031366e-02
   -8.797360047216318e-02
   -8.417621734628566e-02
   -8.655849189973974e-02
   -8.960039945420717e-02
   -9.919852882586899e-02
   -1.284550370004545e-01
   -1.672391989145261e-01
   -1.820246570232009e-01
   -1.658494293122748e-01
   -1.535893621164086e-01
   -1.601113717138847e-01
   -1.640853424702837e-01
   -1.513217545863543e-01
   -1.454468688315103e-01
   -1.655970592440525e-01
   -1.792721609643211e-01
   -1.723465011640879e-01
   -1.660975063813253e-01
   -1.520356693429947e-01
   -1.352905810053873e-01
   -1.259394856008023e-01
   -1.222263847912564e-01
   -1.191592710254874e-01
   -1.094348752616214e-01
   -1.144638699598066e-01
   -1.279495125788488e-01
   -1.348020912184844e-01
   -1.467554645912084e-01
   -1.571257274367943e-01
   -1.590629799152454e-01
   -1.460061568904403e-01
   -1.270407718277100e-01
   -1.169429697167601e-01
   -1.014570518938174e-01
   -8.566243166477805e-02
   -8.134796629829966e-02
   -7.829574641003645e-02
   -8.537510523860647e-02
   -1.016371894307688e-01
   -1.106847776851394e-01
   -1.173601766047494e-01
   -1.227939708928982e-01
   -1.253464221435985e-01
   -1.251138918176220e-01
   -1.141672054939946e-01
   -9.656069800982547e-02
   -9.627770947792436e-02
   -1.005825892518419e-01
   -8.471956365308619e-02
   -6.211161855655178e-02
   -5.486016271915584e-02
   -6.176627798570977e-02
   -5.729037357383393e-02
   -4.104273707316031e-02
   -3.015368553546671e-02
   -2.653683774071380e-02
   -3.086101494652715e-02
   -3.248625727873877e-02
   -2.813633973157481e-02
   -3.715103880239212e-02
   -5.015575074623801e-02
   -5.815855928487768e-02
   -6.989047607334209e-02
   -8.677372115899584e-02
   -1.045878616957330e-01
   -1.124105991700319e-01
   -9.742425088891005e-02
   -7.069077391432588e-02
   -6.073709313204723e-02
   -5.894189646128534e-02
   -5.285529519490684e-02
   -4.863597992844748e-02
   -3.259626347264843e-02
   -1.274851820580958e-02
   -1.064308574410533e-02
   -8.057905440660429e-03
   -1.210772238892099e-03
   -5.508033759153985e-03
   -1.871499398470311e-02
   -3.400912401714473e-02
   -5.058417062107190e-02
   -5.515901647052179e-02
   -3.300297025330079e-02
    2.123361308630223e-03
    2.479611398260695e-02
    1.835325306392965e-02
    7.252422686915283e-03
    4.525672850808071e-03
    7.061685997092892e-03
    4.629413609756883e-03
   -1.586849830697457e-02
   -3.858606846341983e-02
   -4.644662294078561e-02
   -4.015195781730152e-02
   -2.722919436246030e-02
   -1.433214869724808e-02
   -5.386883543687659e-03
    4.026776205280358e-03
    1.073998051220326e-02
    1.334411226646348e-02
    7.674605170118198e-03
   -9.741385815342785e-04
    1.595823671605157e-03
    1.125655322341657e-02
    2.629294187991071e-02
    4.544236701988558e-02
    5.658931034519532e-02
    5.516395811550945e-02
    4.604674481525683e-02
    4.473684774692788e-02
    5.919841922160773e-02
    7.480968085083473e-02
    7.690957174416480e-02
    5.729176935444613e-02
    2.475279651644624e-02
    6.124815492580815e-04
   -1.113675238175404e-02
   -2.259005052428709e-02
   -3.183439636250118e-02
   -3.579165229873671e-02
   -4.046306993357174e-02
   -5.398762252981193e-02
   -7.536686225745104e-02
   -8.659425228893514e-02
   -8.402207451066901e-02
   -7.354358667528316e-02
   -6.214546005758548e-02
   -5.538419384383486e-02
   -4.063122366415040e-02
   -1.860557124636619e-02
   -1.204965178556283e-02
   -1.940808839482111e-02
   -2.938793354058222e-02
   -3.935613271640381e-02
   -5.206219947947677e-02
   -6.109307025586430e-02
   -5.283492346657037e-02
   -4.184311654277906e-02
   -3.624443002826494e-02
   -3.717488328327967e-02
   -5.472969405592720e-02
   -7.475606904821075e-02
   -8.085813543505016e-02
   -7.041687181272294e-02
   -5.591195538912075e-02
   -5.082630504142038e-02
   -5.008935110179413e-02
   -4.904162713157856e-02
   -4.876469753700485e-02
   -4.239393644732470e-02
   -2.982854451624828e-02
   -2.500242261490815e-02
   -1.537306228543311e-02
    4.651334873091439e-03
    1.736821865919946e-02
    2.202253839238111e-02
    3.073934751981033e-02
    3.715550560382308e-02
    2.590487666531693e-02
   -2.588907032510246e-03
   -3.616296410471120e-02
   -5.482286815472248e-02
   -5.495548744059331e-02
   -5.673341686347255e-02
   -5.949513734689438e-02
   -5.077768153316953e-02
   -3.887589777259004e-02
   -3.726725153541111e-02
   -4.113046583649638e-02
   -3.343772762301134e-02
   -2.927091069579113e-02
   -3.527970277589443e-02
   -5.226163661945504e-02
   -6.175739529787005e-02
   -5.189012750219435e-02
   -5.771040887524892e-02
   -6.931762744954550e-02
   -5.676603631658006e-02
   -3.059870793191033e-02
   -1.029239444338970e-02
   -5.203799222592842e-03
   -9.157093755101098e-03
   -2.820661387160861e-02
   -5.230705579432060e-02
   -5.328043825524542e-02
   -4.319410197907603e-02
   -4.263311744984621e-02
   -3.660651045961361e-02
   -2.578408103375729e-02
   -3.224999439577436e-02
   -3.696729809215871e-02
   -2.513912637885252e-02
   -1.225477657620377e-02
   -9.284836073937264e-03
   -5.671599606493771e-04
    1.689044613305102e-02
    2.377677710271087e-02
    3.881628493846989e-03
   -3.400583837727567e-02
   -5.312453603856904e-02
   -4.150531457954409e-02
   -1.909643197715472e-02
   -6.507890853939546e-03
   -9.232231008615699e-03
   -1.898060777884458e-02
   -2.805971019510745e-02
   -3.751496205298688e-02
   -4.319778832327037e-02
   -4.383156910251262e-02
   -5.398618286378776e-02
   -6.817049919201512e-02
   -8.101825874015534e-02
   -9.176534255992408e-02
   -9.685907483405698e-02
   -8.825113458744038e-02
   -6.128401682142348e-02
   -3.284435705355193e-02
   -1.504465867286253e-02
   -2.194080314600333e-02
   -4.289344363676895e-02
   -5.261740406318216e-02
   -4.830264969165610e-02
   -4.768516495633923e-02
   -4.399925153752315e-02
   -1.610718319352777e-02
    1.020204619367693e-02
    1.464501884643088e-02
    1.604625056084608e-02
    2.882333940341208e-02
    5.202961362174241e-02
    6.848020001289257e-02
    6.036703923645081e-02
    3.894292222926143e-02
    3.287451340299175e-02
    5.338380014699995e-02
    8.045810590469271e-02
    9.519362700476375e-02
    9.929266256495817e-02
    9.715136609973918e-02
    9.882836530399119e-02
    1.034143183309699e-01
    1.123743331109028e-01
    1.255780074509949e-01
    1.381943419865572e-01
    1.411129765112284e-01
    1.307630190418485e-01
    1.334982913260596e-01
    1.357268773389131e-01
    1.185962947179497e-01
    1.041056928984951e-01
    8.849392392403344e-02
    6.485857739614520e-02
    4.705374096131365e-02
    3.089623153937238e-02
    1.989557040802836e-02
    1.701287488493852e-02
    9.882383488184487e-03
    5.578989310661697e-04
   -1.185361722109146e-02
   -3.369401768851255e-02
   -4.219788296694782e-02
   -2.746758783494174e-02
   -1.399972705203201e-02
    3.120127243847470e-03
    2.617902134324668e-02
    4.339643557829342e-02
    5.179609994607093e-02
    4.653576554144889e-02
    2.993776859834041e-02
    2.076931702572837e-02
    1.492212211174460e-02
   -1.323720682107732e-02
   -3.817314511463721e-02
   -4.061758512096780e-02
   -4.294910627885562e-02
   -4.815915211536792e-02
   -3.922782299458083e-02
   -2.834415544674229e-02
   -3.667790931197512e-02
   -5.017971847945280e-02
   -4.031224865287841e-02
   -1.877272293377752e-02
   -1.072243126693628e-02
   -4.790046928377922e-03
    1.684863310233986e-02
    4.689764382239003e-02
    6.565601822911660e-02
    7.672564356356659e-02
    8.741281217495178e-02
    9.669254941735428e-02
    1.136417843235971e-01
    1.259527539903804e-01
    1.253240096223995e-01
    1.308291933094707e-01
    1.463867127702734e-01
    1.544831044257888e-01
    1.357438095490593e-01
    1.109879821429205e-01
    1.000932750221184e-01
    8.835002536165315e-02
    7.799666237121583e-02
    7.907827558399139e-02
    8.945300730099026e-02
    1.000095933216016e-01
    1.045443075837194e-01
    1.124089009865625e-01
    1.218185876674804e-01
    1.217943036089775e-01
    1.167132133922977e-01
    1.060804007205929e-01
    8.948087955059969e-02
    7.638116740262935e-02
    6.925964953598429e-02
    5.957537732485974e-02
    4.033437588463085e-02
    2.096719942887737e-02
    5.702076640804465e-03
   -4.656253587591586e-03
   -3.190005262554418e-03
    3.946186521669448e-03
    1.425049735798489e-02
    2.448289383251034e-02
    1.943813640088887e-02
    5.719012742505525e-03
   -3.250278913735638e-04
    9.067169642583695e-03
    3.560345078656657e-02
    6.158941879179536e-02
    7.021194743735748e-02
    6.164348873789360e-02
    5.143992119013618e-02
    4.890548383727378e-02
    4.096364211904513e-02
    3.312271954588497e-02
    3.284483401196692e-02
    2.858646842925694e-02
    2.273247020169400e-02
    2.919463277840095e-02
    4.345420639008224e-02
    5.922372313205804e-02
    6.471465246959074e-02
    4.270528033594401e-02
    2.558147049043891e-02
    3.468516191587612e-02
    5.121084707426449e-02
    6.365458863600404e-02
    8.501429820941153e-02
    1.164237282973091e-01
    1.347273231483537e-01
    1.507691904246633e-01
    1.756852927967700e-01
    1.945746651107538e-01
    2.057867082576037e-01
    2.253120327377545e-01
    2.587396867697089e-01
    2.893262358428172e-01
    2.981598782461103e-01
    2.926671758814736e-01
    3.053718277314510e-01
    3.292387853094592e-01
    3.286150115897624e-01
    3.108793995443648e-01
    3.010985765442920e-01
    3.045563654539596e-01
    3.109558907431142e-01
    3.223692582047510e-01
    3.382450962673633e-01
    3.467237466644502e-01
    3.496467331647979e-01
    3.442294654775579e-01
    3.408658101278011e-01
    3.475872682225362e-01
    3.528053781001633e-01
    3.521075768084342e-01
    3.517246906620219e-01
    3.629715273547790e-01
    3.816105623517935e-01
    3.988641779197333e-01
    4.105138197825414e-01
    4.136395211219918e-01
    4.151328724864073e-01
    4.091776691244375e-01
    3.906871057396460e-01
    3.733973167811322e-01
    3.721681056613191e-01
    3.830838265649550e-01
    4.022346738255855e-01
    4.249761268893915e-01
    4.290893878999158e-01
    4.177618597646353e-01
    4.151254488930531e-01
    4.238550624600896e-01
    4.271659453336619e-01
    4.174833862192194e-01
    4.004768152335940e-01
    3.876536833153979e-01
    3.856300999283972e-01
    3.927326542458599e-01
    4.067562619616111e-01
    4.097836576684759e-01
    4.003552443997966e-01
    3.937588347647028e-01
    3.823110116911794e-01
    3.658845260176931e-01
    3.540430110474485e-01
    3.456025963116438e-01
    3.384237364147807e-01
    3.352377601390683e-01
    3.399824566481668e-01
    3.479284533198318e-01
    3.463488422399580e-01
    3.448834207339585e-01
    3.403494457911638e-01
    3.267993379248002e-01
    3.255304370986661e-01
    3.376153750714384e-01
    3.395943131041584e-01
    3.145119299791577e-01
    2.706086955330922e-01
    2.424740358688759e-01
    2.467355465550947e-01
    2.657374802020834e-01
    2.782038262821052e-01
    2.829892113350096e-01
    2.819824704482077e-01
    2.649742632997837e-01
    2.388416837298168e-01
    2.224472617902862e-01
    2.141062102542257e-01
    1.910459054244651e-01
    1.574342270198403e-01
    1.352481073047862e-01
    1.398776214954489e-01
    1.632963845846414e-01
    1.786336992291648e-01
    1.819990333735866e-01
    1.848899147262728e-01
    1.967340344274515e-01
    2.041120990121104e-01
    1.877701265964482e-01
    1.861480820287209e-01
    2.168307376877521e-01
    2.404489774455632e-01
    2.428350838755655e-01
    2.387607453723428e-01
    2.475334757975356e-01
    2.602976728518713e-01
    2.509566249342599e-01
    2.465043429724589e-01
    2.582598148471071e-01
    2.632260506700135e-01
    2.686798258060097e-01
    2.773343008739937e-01
    2.897892955314041e-01
    2.997885307673898e-01
    3.026343718628621e-01
    3.078850072340134e-01
    3.048042575328280e-01
    2.971425013731399e-01
    3.003982213775158e-01
    3.048337387944300e-01
    3.104443859714823e-01
    3.198133016988702e-01
    3.201987823858010e-01
    2.981008607090296e-01
    2.673008810971489e-01
    2.500302687039258e-01
    2.495718231371491e-01
    2.433034874555240e-01
    2.255610972291899e-01
    2.115431618419095e-01
    1.995130854008775e-01
    1.904554055765106e-01
    1.840620062491083e-01
    1.667056161593639e-01
    1.452366302129904e-01
    1.510891907457435e-01
    1.643113395754536e-01
    1.657962092213738e-01
    1.529485620997728e-01
    1.308011419697253e-01
    1.233928690425601e-01
    1.168532070327544e-01
    1.128174900765400e-01
    1.344290528631009e-01
    1.637797897156634e-01
    1.764228255545763e-01
    1.653047019983123e-01
    1.389053246361116e-01
    1.161475501040732e-01
    9.642744083011578e-02
    8.488561198175759e-02
    8.816356917332291e-02
    8.344191304434867e-02
    6.172258721800050e-02
    5.398512943961986e-02
    6.487850172967491e-02
    6.983766625439314e-02
    6.557567989589952e-02
    6.081174309426673e-02
    6.031579786411001e-02
    6.004060054128901e-02
    5.140815401731835e-02
    4.576596235168484e-02
    4.534490522458690e-02
    2.379711831085984e-02
    2.607187778684850e-03
    7.216037823158938e-03
    1.915002222193651e-02
    1.952516184298148e-02
    1.649595062962694e-02
    1.939698709158444e-02
    2.327189771427429e-02
    2.180861111303667e-02
    1.790582754330083e-02
    2.341795565603766e-02
    2.878103219054129e-02
    2.891639337571306e-02
    3.323958025680751e-02
    3.617775577308802e-02
    3.321924054678238e-02
    4.006182392864099e-02
    5.114458681343637e-02
    5.456036422966992e-02
    5.869344609004568e-02
    5.852277925232574e-02
    4.927322265172451e-02
    2.372288116655463e-02
    7.956107966511361e-04
   -2.057818197109818e-04
    1.323640972723528e-03
   -7.942478324725055e-03
   -3.601362461722601e-02
   -7.045255372974069e-02
   -9.175035377092078e-02
   -9.263053212197114e-02
   -8.619603444677493e-02
   -7.507774849479176e-02
   -5.938046450655987e-02
   -5.086418392619141e-02
   -5.189229091860259e-02
   -5.375064337938884e-02
   -5.749506006095473e-02
   -6.803361515209438e-02
   -6.544762938234694e-02
   -4.417421275491717e-02
   -2.867701733659578e-02
   -3.555027296977098e-02
   -4.599563042253285e-02
   -4.219103272990576e-02
   -3.904870124699755e-02
   -6.329251004751235e-02
   -1.027046040593738e-01
   -1.134973707395615e-01
   -1.101863944876302e-01
   -1.249240598504797e-01
   -1.374368422274475e-01
   -1.562015198449695e-01
   -1.767620698090511e-01
   -1.739826149797463e-01
   -1.669280824671393e-01
   -1.631988888869862e-01
   -1.587837594441766e-01
   -1.443709294192952e-01
   -1.248366868736883e-01
   -1.221201954562412e-01
   -1.263350681908437e-01
   -1.264794488550125e-01
   -1.275581654942015e-01
   -1.233324531518254e-01
   -1.134295991703937e-01
   -1.065270726223799e-01
   -1.035344089247969e-01
   -1.088759140409867e-01
   -1.281191444540863e-01
   -1.435971861433782e-01
   -1.367628355659600e-01
   -1.172587496278932e-01
   -9.848542399804261e-02
   -8.051604341354546e-02
   -6.642382262557645e-02
   -5.596807270825011e-02
   -4.615398226144318e-02
   -2.917971477102821e-02
   -1.418951086986642e-03
    1.450484665701746e-02
    2.033882601984338e-02
    3.936936094327104e-02
    5.629236436927920e-02
    6.527294226902347e-02
    6.771427629937099e-02
    6.381604249274808e-02
    6.644023243517205e-02
    6.906186087697774e-02
    7.085959216289517e-02
    7.989482398595538e-02
    9.041856753565503e-02
    9.567443611529169e-02
    9.357367035292441e-02
    8.520756624990078e-02
    7.405756634064842e-02
    5.868163786486136e-02
    5.057898919274662e-02
    5.027544581441390e-02
    4.743200469225828e-02
    4.428279649050237e-02
    3.648981685453023e-02
    3.857829778701527e-02
    5.152882812906601e-02
    5.181972795916145e-02
    4.247198512919548e-02
    3.568380848258945e-02
    2.170065454268011e-02
    2.049254835470027e-03
    2.495612778337097e-03
    1.275443183726521e-02
    1.075559045442986e-02
    3.033084710637457e-03
    1.721526113065419e-03
    2.079242377985846e-03
   -6.350809705897298e-03
   -1.232414552836625e-02
   -8.545104721329189e-03
   -1.344443624963887e-02
   -2.806536873184662e-02
   -4.192188226147309e-02
   -4.136633195885864e-02
   -3.248087895185714e-02
   -3.329261519292581e-02
   -4.089569638162871e-02
   -6.566445761867712e-02
   -9.237172352164480e-02
   -9.304452446907918e-02
   -9.035224752684146e-02
   -9.140753628611664e-02
   -7.849337110959587e-02
   -6.737327545949023e-02
   -6.385828634225543e-02
   -6.598517546029248e-02
   -7.451207719461950e-02
   -8.266094490354536e-02
   -9.397318874924121e-02
   -9.533496854678081e-02
   -8.691428828089709e-02
   -6.972672017072190e-02
   -4.504287641360571e-02
   -3.101754333145967e-02
   -3.853008562120452e-02
   -4.786580341681113e-02
   -3.597154403364389e-02
   -2.641677554244826e-02
   -3.859493608418862e-02
   -6.255515003823930e-02
   -8.622530568247022e-02
   -1.067383308830494e-01
   -1.354391200890892e-01
   -1.671844919832233e-01
   -1.813300832333764e-01
   -1.786356095041819e-01
   -1.726025042300938e-01
   -1.670584206369075e-01
   -1.699518465339478e-01
   -1.781894845108178e-01
   -1.787577309261990e-01
   -1.810756057451812e-01
   -1.877213030136637e-01
   -1.972320009260442e-01
   -2.037956431848109e-01
   -1.943648580969992e-01
   -1.901296874980085e-01
   -1.973919489801690e-01
   -2.049614649094744e-01
   -2.221054082170237e-01
   -2.364804673260235e-01
   -2.327564140151617e-01
   -2.148510115582936e-01
   -2.009804307667640e-01
   -2.001511217456142e-01
   -1.986330053521934e-01
   -1.888193739548527e-01
   -1.882446400091031e-01
   -1.932250764331056e-01
   -1.891935299319936e-01
   -1.823240821430283e-01
   -1.701205848638576e-01
   -1.620209630633063e-01
   -1.461618423896360e-01
   -1.129849225132384e-01
   -9.126053144840274e-02
   -8.148888053059911e-02
   -7.248136199371369e-02
   -6.808523063479122e-02
   -6.692944763368236e-02
   -5.382868585058098e-02
   -2.499424574763487e-02
   -5.632615753737857e-03
   -6.764979332981591e-03
   -1.211975165695045e-02
   -2.737917233890608e-02
   -3.964519832567515e-02
   -3.354759744750635e-02
   -2.002095456821951e-02
   -1.024989572075863e-02
   -1.777854669064105e-02
   -3.578835723329510e-02
   -5.580380302171006e-02
   -6.827317242957931e-02
   -5.813288351557810e-02
   -5.054797913608411e-02
   -5.283854365281226e-02
   -4.597510570176766e-02
   -4.441429310307665e-02
   -6.079208109681211e-02
   -8.230672432741559e-02
   -9.850152143928703e-02
   -9.155829732476972e-02
   -7.282689527960184e-02
   -6.402561269988283e-02
   -5.037989219112249e-02
   -2.593468720140546e-02
   -1.311215578181368e-04
    8.406111747031320e-03
    9.695603943009612e-03
    3.000703331737187e-02
    4.889079921087003e-02
    4.721339798386737e-02
    3.998032270013052e-02
    3.970937060217117e-02
    4.092012530580336e-02
    3.376993043312626e-02
    2.127503430874089e-02
    9.487829323018282e-04
   -2.791490725111534e-02
   -4.577200314883734e-02
   -4.802948477976354e-02
   -5.864617029992858e-02
   -6.979563036731085e-02
   -5.961398116432703e-02
   -3.639332457697431e-02
   -1.462683567007628e-02
    3.063697802920817e-03
    1.849540728823151e-02
    2.582614371461567e-02
    3.048657750138517e-02
    3.724719441201119e-02
    3.911396617584884e-02
    4.300615101525573e-02
    4.645190478194561e-02
    4.474346071685620e-02
    3.533879337920043e-02
    2.455652297260191e-02
    2.407815433222105e-02
    2.640510926801731e-02
    2.480501066717378e-02
    1.181591265875692e-02
   -7.039017160237471e-03
   -9.989645031113215e-03
   -8.483032287504022e-03
   -1.800152758176354e-02
   -2.958103713695870e-02
   -4.520152739220351e-02
   -5.564742776685949e-02
   -5.408320966351354e-02
   -4.671904607120525e-02
   -3.772192636200544e-02
   -3.726371354402791e-02
   -4.007561372279644e-02
   -4.073711378727474e-02
   -4.278318403513670e-02
   -4.165156993969688e-02
   -3.731616736925791e-02
   -3.627204345530100e-02
   -3.358531228316641e-02
   -4.555053520776009e-02
   -6.855359926608684e-02
   -8.493426280724914e-02
   -1.206195108687869e-01
   -1.498169034576080e-01
   -1.482071427609588e-01
   -1.432172279251731e-01
   -1.431517690574413e-01
   -1.506118751082219e-01
   -1.501595737779648e-01
   -1.496265809081232e-01
   -1.638088778381985e-01
   -1.755670757515115e-01
   -1.808389745514227e-01
   -1.891110176591748e-01
   -1.914264113266462e-01
   -1.836080744879326e-01
   -1.762398601662218e-01
   -1.725633216139161e-01
   -1.599711664458325e-01
   -1.371602483783030e-01
   -1.153683652237264e-01
   -9.711387491071199e-02
   -8.536612866781090e-02
   -7.864023332751602e-02
   -7.819046174351696e-02
   -8.845630895749634e-02
   -9.574757462296524e-02
   -9.202873007147450e-02
   -9.139914385085268e-02
   -8.941937025669366e-02
   -9.071248997134906e-02
   -1.018011108299660e-01
   -1.164779397185678e-01
   -1.340710737773482e-01
   -1.410862657110595e-01
   -1.299848917537633e-01
   -1.265974202717085e-01
   -1.430299955328246e-01
   -1.618117545126097e-01
   -1.701427667013866e-01
   -1.777720611697103e-01
   -1.846799415070649e-01
   -1.805078397644111e-01
   -1.721341745726557e-01
   -1.685841618107253e-01
   -1.563395783109378e-01
   -1.322009522175482e-01
   -1.197993162615124e-01
   -1.406496283121839e-01
   -1.643325533799606e-01
   -1.734709528881562e-01
   -1.990393615402147e-01
   -2.176688404016774e-01
   -2.119630791176930e-01
   -1.958245655259383e-01
   -1.820068426932708e-01
   -1.773302221514239e-01
   -1.783139380234655e-01
   -1.849597310770035e-01
   -1.937905068527540e-01
   -2.007075693947585e-01
   -2.088850847405022e-01
   -2.150593521836279e-01
   -1.989950388104698e-01
   -1.718470758278137e-01
   -1.597862689661117e-01
   -1.454479318434340e-01
   -1.264727774750009e-01
   -1.197091083120545e-01
   -1.228736923925276e-01
   -1.258132121485590e-01
   -1.173866370182895e-01
   -1.055149718675807e-01
   -9.392119898210011e-02
   -8.430808022138761e-02
   -7.543367242350371e-02
   -6.627271024639295e-02
   -6.218448697054901e-02
   -6.339804157715720e-02
   -6.617231438925952e-02
   -6.144098699684547e-02
   -4.797152747679889e-02
   -3.493583266192847e-02
   -2.851952495701027e-02
   -2.839355235816014e-02
   -3.342352556962969e-02
   -3.940981763891953e-02
   -3.931432122098157e-02
   -3.938625983740736e-02
   -4.007202596349659e-02
   -3.630829907833345e-02
   -3.495503658835386e-02
   -3.810937293052291e-02
   -4.038919612601548e-02
   -3.816730281708487e-02
   -3.201147672933700e-02
   -2.705423049781473e-02
   -2.330427129515384e-02
   -2.081041328966343e-02
