   -4.031882762937151e-02
   -3.192820591822982e-02
   -1.833922610924126e-02
   -1.252339015292068e-02
   -2.218879774708152e-02
   -3.489440926566838e-02
   -3.462870022088249e-02
   -2.830619275051540e-02
   -2.030854941682037e-02
   -1.576388740520381e-02
   -1.443070056390822e-02
   -4.918540971407849e-03
   -5.379696558257575e-04
   -6.849108808502646e-03
   -2.486903074300599e-03
    6.846896082486412e-03
    8.781770938797295e-03
    2.611596355497908e-02
    4.819020266467852e-02
    5.100219394418426e-02
    4.483370093395000e-02
    3.048609582486581e-02
    2.388580802678574e-02
    3.898471417844475e-02
    4.703974044969451e-02
    3.672329037835861e-02
    1.964172148878271e-02
   -3.018609668047068e-03
   -1.559343481909573e-02
   -1.808459419052215e-02
   -2.544827777758826e-02
   -3.591276957970652e-02
   -4.257386687065441e-02
   -4.152931250130144e-02
   -4.204465032949614e-02
   -4.258619171278757e-02
   -2.588703526065213e-02
   -8.743349801876681e-03
   -1.574581586438483e-02
   -2.640038342703556e-02
   -2.470389921996710e-02
   -2.456939118635176e-02
   -2.607137281456545e-02
   -2.045414016033071e-02
   -6.372520549916168e-03
    1.429513119955424e-02
    3.183633052442070e-02
    3.503499680204733e-02
    2.181524293981775e-02
   -1.623900882336791e-03
   -1.602369894185813e-02
   -2.441236065006194e-02
   -3.748436844464919e-02
   -4.960041783752665e-02
   -5.836713644880576e-02
   -5.342064740075876e-02
   -4.309013538325437e-02
   -5.348264118485140e-02
   -8.071021184927823e-02
   -9.415644616121412e-02
   -8.686569077232212e-02
   -7.263355302626943e-02
   -6.926487755020722e-02
   -7.658603031036208e-02
   -8.727600607281540e-02
   -1.128988438750223e-01
   -1.460606267254030e-01
   -1.638052213130597e-01
   -1.682241459647786e-01
   -1.678162039888015e-01
   -1.600825064717890e-01
   -1.490659472072312e-01
   -1.501419114259223e-01
   -1.606813503932622e-01
   -1.619910319517873e-01
   -1.721878344030497e-01
   -1.870074677391331e-01
   -1.855601092420653e-01
   -1.828708201734433e-01
   -1.861461905243988e-01
   -1.925012487946701e-01
   -2.016179808135771e-01
   -2.154376621218829e-01
   -2.256117306671959e-01
   -2.304185811398821e-01
   -2.221188274732216e-01
   -2.006731860154473e-01
   -1.934084594257593e-01
   -1.934011485195081e-01
   -1.938309863913745e-01
   -2.085870090746672e-01
   -2.261814178678506e-01
   -2.290439729114468e-01
   -2.246875739202508e-01
   -2.148583802353349e-01
   -1.986746270636969e-01
   -1.869519294202254e-01
   -1.815556970405463e-01
   -1.836609451003707e-01
   -1.848271230327503e-01
   -1.746254006248615e-01
   -1.621556158876164e-01
   -1.494395854938801e-01
   -1.371100455997315e-01
   -1.340493038805823e-01
   -1.382899362598816e-01
   -1.385690050043026e-01
   -1.347717759792311e-01
   -1.433342040444313e-01
   -1.576113979680283e-01
   -1.654461105338439e-01
   -1.712065650100042e-01
   -1.722272750644910e-01
   -1.604000283140167e-01
   -1.389415851820258e-01
   -1.206238617894939e-01
   -1.144999743372244e-01
   -1.193802251164677e-01
   -1.231245889201826e-01
   -1.140667800478656e-01
   -1.007896372796380e-01
   -9.968309135772180e-02
   -1.112848755557272e-01
   -1.276679757264776e-01
   -1.400900846005282e-01
   -1.372003450922465e-01
   -1.232438038068695e-01
   -1.095930350732199e-01
   -9.531406722513291e-02
   -8.703600729462524e-02
   -9.458192520215847e-02
   -1.085602877131353e-01
   -1.178071559916660e-01
   -1.326943051420615e-01
   -1.572902443040514e-01
   -1.742831091138375e-01
   -1.756318517197486e-01
   -1.563202361423632e-01
   -1.359050964454578e-01
   -1.426902536449359e-01
   -1.604616728323838e-01
   -1.765001350084439e-01
   -1.758086975378903e-01
   -1.572413263045336e-01
   -1.436002830001260e-01
   -1.330848508262028e-01
   -1.252206904457487e-01
   -1.190294169900863e-01
   -1.159283787334842e-01
   -1.215727494997143e-01
   -1.228004383815995e-01
   -1.175994475915199e-01
   -1.227234600080762e-01
   -1.404638495959243e-01
   -1.481155750514818e-01
   -1.457531271972778e-01
   -1.461835113888743e-01
   -1.421562063033344e-01
   -1.269958415804251e-01
   -1.123022229030879e-01
   -1.102489830842368e-01
   -9.751527563353957e-02
   -7.309206639544819e-02
   -6.638103747497626e-02
   -8.462314525386150e-02
   -1.153750871389192e-01
   -1.309799550962332e-01
   -1.335319794923051e-01
   -1.388414056047493e-01
   -1.436992052659181e-01
   -1.415344674097840e-01
   -1.288648853177765e-01
   -1.176167567123365e-01
   -1.025203433056343e-01
   -8.015763972795575e-02
   -6.505256429344297e-02
   -5.518304733199475e-02
   -3.976308631388648e-02
   -3.110774886712520e-02
   -4.475505922787559e-02
   -5.626551216793896e-02
   -4.601838150973259e-02
   -3.070179254330618e-02
   -2.167962838254378e-02
   -2.900492263267496e-02
   -3.732358041784067e-02
   -4.085738447949572e-02
   -6.325980288501065e-02
   -8.661173916905685e-02
   -9.433650833030938e-02
   -8.700950491859483e-02
   -7.604844147254486e-02
   -8.038841219148884e-02
   -9.147889998663894e-02
   -8.217970580204348e-02
   -6.213142765282953e-02
   -5.496461613949677e-02
   -5.212860129378494e-02
   -4.326711942128081e-02
   -2.369008892896152e-02
   -2.077838067587878e-03
    5.646189780459387e-03
   -5.881598790860032e-03
   -1.835998546623974e-02
   -1.676346932066974e-02
   -2.685473208904110e-02
   -4.658574835502693e-02
   -4.439040790164772e-02
   -2.662146020091738e-02
   -9.277020901445887e-03
    2.123085825618265e-03
    5.350405663676616e-03
    1.186760324051628e-02
    2.179924440543490e-02
    2.283633796998363e-02
    8.886331290844929e-03
   -1.780036389814610e-02
   -3.858789313739841e-02
   -4.500258428749460e-02
   -3.105073540222714e-02
   -5.551184041310275e-03
   -2.307912645992394e-03
   -1.432082056985196e-02
   -1.694296929216854e-02
   -8.118237868516287e-03
    4.093690553591545e-03
   -1.147472224737323e-03
   -1.176475542097100e-02
   -1.257673035753304e-02
   -1.063528867809249e-02
   -2.416475276522112e-03
    6.680751239457328e-03
    1.459355758842484e-02
    2.192728895875740e-02
    3.277806616397538e-02
    4.434263928487225e-02
    5.721307765968464e-02
    6.925763711527866e-02
    6.604579941754340e-02
    5.539194944362613e-02
    4.348836501734898e-02
    2.509147184733274e-02
   -5.428924603387841e-03
   -3.782843248721246e-02
   -4.327345155875406e-02
   -1.747409958447355e-02
    2.862681692672453e-04
   -8.151582820136172e-03
   -3.154689566250646e-02
   -5.591461840817047e-02
   -6.715845329787196e-02
   -7.647392453755675e-02
   -8.744191727658279e-02
   -8.758990827036128e-02
   -7.169827134208551e-02
   -5.286334415490201e-02
   -3.857412223395085e-02
   -2.251997885300616e-02
   -1.866671532946063e-02
   -3.249015081771445e-02
   -3.652117481003248e-02
   -2.842071468237006e-02
   -3.165399115335088e-02
   -3.715664169401389e-02
   -3.066563004984535e-02
   -3.249397982949431e-02
   -5.143148181450785e-02
   -6.769317979506639e-02
   -7.520612683004191e-02
   -7.539116606536389e-02
   -7.989876954131780e-02
   -8.079516747704130e-02
   -6.713043782633932e-02
   -5.414696247845185e-02
   -3.986690813840177e-02
   -2.323918677477055e-02
   -1.787724717156491e-02
   -3.061338718489015e-02
   -3.363957972831066e-02
   -1.458202928022345e-02
    1.489645847665422e-03
    1.187011621082368e-02
    1.987343888325777e-02
    1.835954927267291e-02
    1.352518315782758e-02
    1.542897087565720e-02
    1.813984267941882e-02
    1.584783154683134e-02
   -7.381730632038952e-03
   -4.607333014261084e-02
   -6.498979564014462e-02
   -5.651515943859708e-02
   -4.199563125065753e-02
   -3.618927885008727e-02
   -2.765089984328561e-02
   -2.283488892867336e-02
   -3.540158898102552e-02
   -5.280721441081937e-02
   -6.995498088953944e-02
   -7.079014442639808e-02
   -4.777565286365970e-02
   -2.761948899666189e-02
   -1.685429525326354e-02
   -1.482857572101759e-02
   -1.952424577730927e-02
   -2.033512326810927e-02
   -1.070148087705558e-02
   -4.337286720965672e-03
   -1.840757618011724e-02
   -3.102609275336565e-02
   -3.152196991423217e-02
   -4.829163524885161e-02
   -6.908688158151710e-02
   -6.850854894294489e-02
   -6.409181844460043e-02
   -5.318493011011949e-02
   -3.440454450610364e-02
   -3.543067064482930e-02
   -3.350766310848297e-02
   -8.884374274009676e-03
    1.409293721542415e-02
    1.610746543592834e-02
   -4.515354106442437e-03
   -2.604410606801277e-02
   -3.207302351493135e-02
   -3.055885281131321e-02
   -3.192283229258797e-02
   -2.943715945854297e-02
   -2.005852039456135e-02
   -6.382189556111140e-03
   -1.436973986537193e-03
   -1.932400660120681e-03
    1.346552210985674e-03
   -9.042746201703977e-04
   -1.386950832757750e-02
   -3.797239609346414e-02
   -5.382195620548647e-02
   -5.515846556059634e-02
   -6.129416217403039e-02
   -6.662254528390976e-02
   -7.351724071514631e-02
   -8.311575130715454e-02
   -7.884430719605096e-02
   -6.318411845467553e-02
   -5.162771040776448e-02
   -4.663882895258320e-02
   -3.541088075483145e-02
   -3.320525752157577e-02
   -3.884188322825999e-02
   -2.815443679709650e-02
   -1.407965676109679e-02
   -8.606795812298174e-03
    3.867723383839117e-03
    2.363705774328873e-02
    3.319029231214410e-02
    3.980576982456574e-02
    5.200703455879419e-02
    6.611751730497550e-02
    7.026771764215844e-02
    6.833160376992442e-02
    8.398163337802744e-02
    9.906102469866784e-02
    9.687923959216027e-02
    9.572478104673987e-02
    1.025332532408241e-01
    1.113801038877305e-01
    1.130787496541119e-01
    1.191242879092691e-01
    1.421413679540007e-01
    1.513204260939638e-01
    1.379762769418802e-01
    1.285148615275755e-01
    1.333784412714834e-01
    1.331365890161362e-01
    1.181114511859316e-01
    1.036268773956928e-01
    8.567209704252621e-02
    6.914578973058916e-02
    6.344176607607777e-02
    6.061981993902066e-02
    5.368751049683040e-02
    4.538235253373157e-02
    3.205648061739508e-02
    1.540580061304087e-02
    2.204514313601802e-03
   -1.117597332825460e-02
   -1.377174865208941e-02
   -1.915538944747608e-02
   -3.299471135872256e-02
   -2.781274082598872e-02
   -5.458927995388718e-03
    1.045131280299705e-02
    1.158401327084113e-02
    1.425151752839526e-02
    2.529797490044228e-02
    3.069405756714438e-02
    9.422992491552318e-03
   -2.249156682620157e-02
   -3.954198680512166e-02
   -5.196454746671075e-02
   -5.571499689691395e-02
   -4.388090377832610e-02
   -3.209159627578284e-02
   -2.710621361936560e-02
   -2.921307705343601e-02
   -3.305110530581246e-02
   -2.200910758372476e-02
   -3.081631596848489e-03
    3.003985544285381e-03
    4.506507447077368e-04
   -3.549861019318534e-03
    1.509151205916215e-03
    2.663361000545761e-02
    5.955358952644874e-02
    9.062821662531695e-02
    1.111279026878542e-01
    1.203528169254775e-01
    1.272517479117186e-01
    1.281948779133468e-01
    1.315522995612650e-01
    1.334348486208503e-01
    1.274002585745393e-01
    1.182661319806033e-01
    1.123709559187369e-01
    1.191158275376825e-01
    1.212796337654876e-01
    1.119056276859187e-01
    9.407253388173498e-02
    7.134192706259146e-02
    6.275468020505492e-02
    7.123472455545565e-02
    8.405412486255592e-02
    8.665571076227896e-02
    8.522917618783543e-02
    9.030479546833226e-02
    1.014904939701367e-01
    1.068997888158896e-01
    1.011634981337950e-01
    8.788957014448817e-02
    6.819930147169084e-02
    5.693746356878693e-02
    4.507802981384534e-02
    2.433680392871174e-02
    1.518618840581687e-02
    1.274136897216671e-02
    9.446954269011210e-03
    1.428396995657777e-02
    1.874866962732646e-02
    1.288991448652244e-02
    6.441104104748518e-03
    5.142593112460458e-03
    5.925088125681155e-03
    1.850203577403731e-02
    4.690749734049038e-02
    7.330982983295375e-02
    7.905142659077380e-02
    8.043566204876673e-02
    7.887091926910506e-02
    5.343164771192566e-02
    3.486616845043922e-02
    3.106312384635324e-02
    2.863289537736402e-02
    3.487524608756010e-02
    3.533618731895283e-02
    3.288582094256309e-02
    4.608079696728273e-02
    6.528694959505810e-02
    7.199928205725348e-02
    7.136508048192214e-02
    7.050803791800564e-02
    6.137515189226450e-02
    5.931095804331266e-02
    7.714037577475019e-02
    8.295706969790095e-02
    8.293852285813252e-02
    1.089078719585790e-01
    1.386751967649691e-01
    1.510029004385505e-01
    1.726728070628281e-01
    2.120526572445436e-01
    2.456026201449890e-01
    2.621072963193549e-01
    2.807177881857037e-01
    3.032788564126643e-01
    3.142667375577868e-01
    3.060830822999627e-01
    2.876154371707385e-01
    2.847451576622562e-01
    2.888580684974085e-01
    2.875742557338223e-01
    2.935294295090007e-01
    3.105959865948760e-01
    3.170239170447109e-01
    3.083559526515001e-01
    3.077756726264302e-01
    3.199119120993910e-01
    3.296110672320007e-01
    3.288471349384681e-01
    3.228857707294686e-01
    3.228647511992905e-01
    3.364059929202701e-01
    3.491537022828106e-01
    3.585988148335195e-01
    3.755111346993456e-01
    3.951782283794891e-01
    4.063342165793815e-01
    4.048550114473681e-01
    3.955562272692881e-01
    3.871565401146154e-01
    3.868334436299070e-01
    3.928250678775447e-01
    3.920117293141379e-01
    3.886325669512913e-01
    3.926741107707021e-01
    3.914284418514932e-01
    4.035236384509777e-01
    4.317955359113695e-01
    4.367136408415878e-01
    4.227279785635035e-01
    4.052451209836690e-01
    3.883174023782016e-01
    3.844237719129766e-01
    3.956981699505839e-01
    4.069069401339873e-01
    4.092093916121335e-01
    3.995754621932207e-01
    3.724034488379601e-01
    3.522161403437177e-01
    3.492295476354773e-01
    3.479647873641481e-01
    3.371903006557067e-01
    3.295952331018140e-01
    3.351673991836393e-01
    3.400785616151128e-01
    3.442738183102839e-01
    3.512051536350388e-01
    3.672565176299164e-01
    3.740685176815522e-01
    3.484743262047485e-01
    3.175540810217592e-01
    3.120754471545506e-01
    3.221418789500480e-01
    3.166090342599720e-01
    3.041446661374125e-01
    2.955459579390268e-01
    2.801476911399436e-01
    2.641181891471212e-01
    2.469198937220024e-01
    2.360031344458424e-01
    2.411220940911663e-01
    2.591045484815824e-01
    2.762305475632476e-01
    2.872344190711285e-01
    2.873986218990537e-01
    2.649763582362002e-01
    2.335860353673536e-01
    2.082972383019643e-01
    1.870839398088675e-01
    1.692919976607932e-01
    1.612997975172858e-01
    1.586051361634444e-01
    1.637283089550112e-01
    1.871974558460032e-01
    2.066395757701511e-01
    1.999542455096692e-01
    1.691234520778206e-01
    1.573558068421554e-01
    1.768799910064278e-01
    1.948664972803094e-01
    2.014050866270700e-01
    2.094420755072224e-01
    2.281190579235548e-01
    2.383426277621470e-01
    2.464061620624225e-01
    2.663717337456228e-01
    2.746541668323976e-01
    2.717251273627086e-01
    2.774234560380739e-01
    2.736374303290390e-01
    2.510195670427473e-01
    2.340043403381620e-01
    2.462094020486949e-01
    2.688345320928365e-01
    2.755373514462645e-01
    2.785427489182124e-01
    2.880255995964709e-01
    3.009401284241031e-01
    3.120991907423998e-01
    3.217556299733015e-01
    3.298801358117998e-01
    3.315699215189027e-01
    3.232024209597761e-01
    2.945792657751967e-01
    2.550522600278848e-01
    2.335435980462275e-01
    2.317049436677165e-01
    2.273532572560599e-01
    2.159114358719294e-01
    1.940249701288876e-01
    1.693710907978740e-01
    1.537488838854295e-01
    1.504736673275509e-01
    1.597852637613539e-01
    1.560258184603813e-01
    1.282070096916343e-01
    1.044844865926375e-01
    1.097408785451592e-01
    1.280565631463015e-01
    1.321911021845801e-01
    1.339225437045566e-01
    1.386267798419549e-01
    1.452990776322372e-01
    1.537742377522133e-01
    1.564600008110850e-01
    1.645933160098445e-01
    1.578496251567207e-01
    1.335116786018276e-01
    1.158257369297466e-01
    1.010622058951705e-01
    8.914163510749029e-02
    9.097209471787382e-02
    1.012103140518961e-01
    8.848958024969544e-02
    5.515584114359040e-02
    3.271150503437070e-02
    2.880971444122249e-02
    4.135281659383594e-02
    4.635786986589618e-02
    3.690326951034661e-02
    3.574689393481600e-02
    3.415660676497678e-02
    3.723446388508966e-02
    5.141335183614926e-02
    5.567563370793449e-02
    3.917827531414231e-02
    1.592884006428763e-02
    5.936929194367835e-03
    6.297847360605680e-03
    1.071826195348402e-02
    2.030555676432844e-02
    3.383325446541852e-02
    4.715761932721607e-02
    4.452299693973538e-02
    2.206013035005672e-02
    6.797364447717058e-03
    1.418365134768784e-02
    3.123449955920954e-02
    4.632679321354471e-02
    5.529347406692642e-02
    5.159856565366550e-02
    3.546525337943196e-02
    2.187518032463087e-02
    2.320968511108745e-02
    2.804670238469420e-02
    3.171213652546800e-02
    2.520322786448315e-02
   -2.766960435547361e-03
   -2.459742029167655e-02
   -3.342412064137434e-02
   -4.110721521198624e-02
   -4.878362070510178e-02
   -6.999773920750574e-02
   -8.557250591489707e-02
   -8.121904734942342e-02
   -7.295842837505395e-02
   -6.252803304328980e-02
   -5.310818793985206e-02
   -5.061669679599534e-02
   -5.792204846533755e-02
   -6.559715153767298e-02
   -6.193535194614741e-02
   -5.227119712527761e-02
   -4.149539241206979e-02
   -2.551852961909074e-02
   -1.648298838167639e-02
   -2.619673328315919e-02
   -4.993775978601400e-02
   -7.282117434044499e-02
   -7.080765665878674e-02
   -6.276297457234792e-02
   -7.564911548427755e-02
   -9.737000319383071e-02
   -1.151347034099448e-01
   -1.267778571988276e-01
   -1.328563947671513e-01
   -1.362078891628293e-01
   -1.396961581258749e-01
   -1.364546528595700e-01
   -1.320548572932401e-01
   -1.313919267508634e-01
   -1.397433952286664e-01
   -1.528287015813889e-01
   -1.497097033269590e-01
   -1.335686379781653e-01
   -1.154532780329709e-01
   -1.025120015589809e-01
   -9.765199205558073e-02
   -1.052802914311579e-01
   -1.118488902196324e-01
   -1.127343134730108e-01
   -1.170853835434249e-01
   -1.263071858255871e-01
   -1.356145396304842e-01
   -1.388655728828248e-01
   -1.334167574655076e-01
   -1.171429182383599e-01
   -1.021752212365112e-01
   -9.434509352028719e-02
   -8.028280915821195e-02
   -5.621120273749725e-02
   -4.220007703544582e-02
   -2.406162234925846e-02
    4.965577392128662e-03
    2.893488002798872e-02
    4.076294049078610e-02
    4.585119178627028e-02
    5.257061970499244e-02
    5.090343176040069e-02
    5.515431846328855e-02
    7.295473046323053e-02
    8.692766946688302e-02
    9.358053917111864e-02
    9.681583058270826e-02
    9.525816442790047e-02
    8.820257082414962e-02
    7.790981386090134e-02
    7.686639066857293e-02
    8.233243740948692e-02
    8.062696042390849e-02
    7.062508619102070e-02
    5.747608035167051e-02
    5.733150575216506e-02
    7.103460794075422e-02
    8.871222228273634e-02
    9.635434174147361e-02
    9.571670836943991e-02
    8.887068474986437e-02
    6.629791637731142e-02
    3.879860664117274e-02
    2.471049937285530e-02
    2.420155770501697e-02
    8.071397367162003e-03
   -2.251938580911661e-02
   -3.576791224455311e-02
   -3.253479138407567e-02
   -1.975287750263011e-02
   -3.710959487324139e-04
    3.475951151132861e-03
   -1.248796671095009e-02
   -2.383923707568458e-02
   -2.757935090850427e-02
   -3.510064029842441e-02
   -4.019245074931233e-02
   -4.493025086725222e-02
   -5.025146466870467e-02
   -4.961562404676378e-02
   -5.170447689918589e-02
   -5.459483123556153e-02
   -5.785155442071366e-02
   -7.297927191416864e-02
   -8.591652328337362e-02
   -8.697095280709055e-02
   -7.731363681234837e-02
   -6.592548596479286e-02
   -6.967575098925760e-02
   -7.761481438806950e-02
   -7.869081535861078e-02
   -7.417309858566812e-02
   -7.051163640621416e-02
   -7.129008177766627e-02
   -6.697746156794304e-02
   -6.217227744643727e-02
   -5.642862817945016e-02
   -4.391748994951872e-02
   -2.716004075407064e-02
   -1.175127957996347e-02
   -1.457446820677166e-02
   -2.947446135161735e-02
   -4.231661392058328e-02
   -5.992422502694827e-02
   -7.893627763820854e-02
   -8.882912408960886e-02
   -9.629604032900252e-02
   -1.206562410705758e-01
   -1.527004180444036e-01
   -1.625970242918562e-01
   -1.558881092883346e-01
   -1.610520239710078e-01
   -1.756703158938155e-01
   -1.888763305279761e-01
   -2.041854738348081e-01
   -2.113507493934463e-01
   -2.067772986639349e-01
   -2.018090171812137e-01
   -2.031201353869949e-01
   -2.078704891737915e-01
   -2.074012745501153e-01
   -2.035610773210939e-01
   -2.117500894116087e-01
   -2.273327543560033e-01
   -2.355287235941805e-01
   -2.311119729464794e-01
   -2.212648967232989e-01
   -2.133542242626596e-01
   -2.064197922496780e-01
   -1.963903498179409e-01
   -1.803873500914477e-01
   -1.668763053082223e-01
   -1.630281748642404e-01
   -1.612470483121575e-01
   -1.632796636854872e-01
   -1.714506738569854e-01
   -1.661678555525159e-01
   -1.565356303078502e-01
   -1.470755306916138e-01
   -1.314394468256785e-01
   -1.127619046623329e-01
   -8.604547395411610e-02
   -5.988540173222479e-02
   -4.071875687408855e-02
   -3.862444348606831e-02
   -5.251342514857482e-02
   -4.479467611723797e-02
   -3.012479464128748e-02
   -4.187856708090743e-02
   -5.875732229024599e-02
   -6.635982707582699e-02
   -6.590576331875764e-02
   -5.497767019598143e-02
   -4.183417571977599e-02
   -4.169545380735551e-02
   -5.318866830707036e-02
   -5.637993176859313e-02
   -4.323108716695612e-02
   -3.173531192335877e-02
   -2.762608346560724e-02
   -2.627289108703690e-02
   -3.186120325600839e-02
   -5.209239738328320e-02
   -7.597450514134296e-02
   -9.489155085186218e-02
   -9.612112491039992e-02
   -8.293261993468914e-02
   -7.708163061382556e-02
   -6.513726281473842e-02
   -4.060039404167215e-02
   -1.933092216697019e-02
    1.570221340788658e-03
    2.730171628140599e-02
    4.650269616519820e-02
    5.690509006289535e-02
    6.899899529579923e-02
    8.132019029741921e-02
    8.817269699609831e-02
    7.584023747770341e-02
    3.991535202590435e-02
    1.138698643774139e-02
   -3.532535858853381e-03
   -1.629599124869596e-02
   -2.918576939215600e-02
   -4.642812019817755e-02
   -6.373386925433544e-02
   -6.472718832393642e-02
   -5.542980390075392e-02
   -4.820229163962519e-02
   -3.419311475425735e-02
   -1.276869738154884e-03
    3.641601620575474e-02
    5.532562697744714e-02
    5.084254168524760e-02
    3.772910317699663e-02
    3.978581165879458e-02
    5.793502614151680e-02
    7.409357201315192e-02
    7.230765234695236e-02
    5.796598978083600e-02
    4.586314486919374e-02
    3.206720006081798e-02
    2.542404105233986e-02
    3.151411145186578e-02
    2.555055632885828e-02
    5.354222777320672e-03
   -2.181077762970496e-02
   -4.739364807288649e-02
   -5.921306062794396e-02
   -5.703962582124134e-02
   -4.971602400232866e-02
   -4.099980652028989e-02
   -3.504835828917474e-02
   -4.871458321301869e-02
   -6.188989803205924e-02
   -5.767503916298655e-02
   -5.844961362684198e-02
   -6.026082123394283e-02
   -5.196382371551511e-02
   -4.500699867365232e-02
   -4.599137357721328e-02
   -4.650266739114062e-02
   -3.886554482672278e-02
   -4.139884481707878e-02
   -5.750603832704870e-02
   -7.833253778147475e-02
   -1.121423415471501e-01
   -1.356296265780665e-01
   -1.465685634694325e-01
   -1.624923307000703e-01
   -1.655961527142036e-01
   -1.516440557116738e-01
   -1.389186634463935e-01
   -1.431718972342022e-01
   -1.525750613387933e-01
   -1.549361706411778e-01
   -1.578121252215381e-01
   -1.629136642263934e-01
   -1.654263650893967e-01
   -1.605649799380182e-01
   -1.653163359340853e-01
   -1.870650850089539e-01
   -1.884272551972455e-01
   -1.602035028291504e-01
   -1.260829143986397e-01
   -9.510030760341681e-02
   -7.947625439816308e-02
   -9.092713126440721e-02
   -1.109292527709216e-01
   -1.164670539056656e-01
   -1.080225151249647e-01
   -9.802017001112384e-02
   -9.575623892138563e-02
   -9.029224447182183e-02
   -8.099181452542348e-02
   -7.790223798366358e-02
   -8.697808431286591e-02
   -1.064501028695009e-01
   -1.198575461930523e-01
   -1.329230491577177e-01
   -1.450600632565624e-01
   -1.343301234813438e-01
   -1.134890177248699e-01
   -1.089572462661659e-01
   -1.292386439103227e-01
   -1.587620039569954e-01
   -1.735471870239047e-01
   -1.872666113892502e-01
   -1.981444126028886e-01
   -1.871810285848780e-01
   -1.649473996355050e-01
   -1.561815390576093e-01
   -1.592500886261644e-01
   -1.607140407915481e-01
   -1.648212506115326e-01
   -1.744104205631958e-01
   -1.885246979185234e-01
   -2.094918606516696e-01
   -2.309645966990817e-01
   -2.379712789690552e-01
   -2.271006896919461e-01
   -2.049281285394663e-01
   -1.846525018507095e-01
   -1.765031078317050e-01
   -1.743696096521299e-01
   -1.778775257299492e-01
   -1.827986312538110e-01
   -1.727611929596548e-01
   -1.683948237726021e-01
   -1.705804837380556e-01
   -1.634083316036020e-01
   -1.584472996785449e-01
   -1.574908358468116e-01
   -1.522605467964683e-01
   -1.494707888693445e-01
   -1.572851383767677e-01
   -1.562863913203648e-01
   -1.261070316369069e-01
   -8.493565078789567e-02
   -5.628160000443527e-02
   -4.779490566757888e-02
   -5.094846091901500e-02
   -5.474729544533485e-02
   -6.397180034520604e-02
   -6.742535900999887e-02
   -5.546439204526341e-02
   -3.848017799046428e-02
   -2.925057554119460e-02
   -3.182802917648019e-02
   -3.156271497597625e-02
   -2.209735492803760e-02
   -2.512612364211464e-02
   -2.775789251367823e-02
   -1.552670921133488e-02
   -1.814769115703885e-02
   -3.436438492786235e-02
   -4.657668863135483e-02
   -4.694598952090075e-02
   -2.709039645791222e-02
   -3.028083395884111e-03
    6.858704710486462e-03
    6.187983294353439e-04
   -1.943135963923509e-02
   -3.666413966967177e-02
