   -1.748758410470928e-02
   -2.688553686357573e-02
   -3.820916118157696e-02
   -4.003688694170525e-02
   -3.562673756437932e-02
   -3.521372610318336e-02
   -3.885194601062139e-02
   -4.651997434638198e-02
   -4.919154188630336e-02
   -4.936450529928198e-02
   -5.747404470994102e-02
   -5.532866999373876e-02
   -3.814672407497527e-02
   -1.047203967507983e-02
    1.341794927565684e-02
    8.285619747424519e-03
   -1.587429257835005e-02
   -2.851874799725113e-02
   -2.365016828437348e-02
   -1.784828002008510e-02
   -6.951645559889370e-03
    1.136772585114191e-02
    1.719340464075278e-02
    2.431746958123260e-02
    4.376971511842645e-02
    4.028681708239355e-02
    1.735723198561676e-02
    1.083498300687963e-02
    1.339427223964067e-02
    1.857387109170036e-03
   -1.278711504606511e-02
   -1.788978635025727e-02
   -2.596546967745458e-02
   -3.378833155875782e-02
   -4.329632664364716e-02
   -5.952929921320977e-02
   -6.849351007577796e-02
   -7.047644093044071e-02
   -6.753873508464778e-02
   -5.738600952367903e-02
   -5.168193437672018e-02
   -3.936121690444570e-02
   -2.024886603652042e-02
   -9.029155078927945e-03
    5.933164328472892e-03
    1.461972148138369e-02
    5.970206880406351e-03
    1.004897200222843e-02
    1.906372899204631e-02
    2.709745041856379e-03
   -1.233256165227348e-02
   -1.175877777219940e-02
   -1.385896782303581e-02
   -5.992967975865862e-03
   -7.193518719797662e-03
   -3.211783643628688e-02
   -5.987744653053927e-02
   -8.073572355211951e-02
   -8.217255382842362e-02
   -7.934866636337828e-02
   -9.173272012879236e-02
   -9.920280675116119e-02
   -9.978867980562883e-02
   -1.069690813099486e-01
   -1.193720207969083e-01
   -1.252261056689576e-01
   -1.143522511403529e-01
   -1.203582207983467e-01
   -1.499399521456617e-01
   -1.641425795622371e-01
   -1.672636019240074e-01
   -1.805619703612482e-01
   -1.803139436876428e-01
   -1.723231928168628e-01
   -1.716351830937796e-01
   -1.670591716345515e-01
   -1.815642836559977e-01
   -2.005892735362763e-01
   -1.965351276358823e-01
   -1.962377192287096e-01
   -1.981375985834072e-01
   -1.944261612810844e-01
   -1.872548314571620e-01
   -1.760827523235936e-01
   -1.795117948878067e-01
   -1.917297954653852e-01
   -1.890696029536898e-01
   -1.780645771559469e-01
   -1.681198531426087e-01
   -1.581604530211189e-01
   -1.591381990870683e-01
   -1.679591942736475e-01
   -1.741978474696576e-01
   -1.865410000542345e-01
   -1.986248094200449e-01
   -2.029035458026035e-01
   -2.040511475403084e-01
   -1.938504305417715e-01
   -1.789135063296071e-01
   -1.789375146696637e-01
   -1.790066931549483e-01
   -1.746056959434672e-01
   -1.734120788075616e-01
   -1.689088893626695e-01
   -1.574511916083410e-01
   -1.428612637410398e-01
   -1.324747133185517e-01
   -1.321315349741847e-01
   -1.371278716868202e-01
   -1.320372452338808e-01
   -1.348001182164987e-01
   -1.467288316394860e-01
   -1.475375796187067e-01
   -1.364898769224621e-01
   -1.258075842642503e-01
   -1.169411320806446e-01
   -1.047073119125752e-01
   -1.027868209673199e-01
   -1.040981250092277e-01
   -9.810709863781297e-02
   -9.873735925219562e-02
   -9.560380556967729e-02
   -8.192781662568871e-02
   -7.314671553960816e-02
   -7.195499104154623e-02
   -7.734087053621996e-02
   -7.622457662027959e-02
   -7.232831799195205e-02
   -7.775791155549272e-02
   -8.665814714311715e-02
   -9.707573435604799e-02
   -1.106530236025327e-01
   -1.363799534255283e-01
   -1.577867455312554e-01
   -1.650777659298397e-01
   -1.687604811242804e-01
   -1.686429139763668e-01
   -1.670435909651546e-01
   -1.688141194459225e-01
   -1.734793008312308e-01
   -1.663357736962312e-01
   -1.492322976988836e-01
   -1.575732621584525e-01
   -1.834150960418535e-01
   -1.851953011895879e-01
   -1.664375958238962e-01
   -1.470897370356583e-01
   -1.299216371913414e-01
   -1.188802499028851e-01
   -1.172134568622285e-01
   -1.219219640308511e-01
   -1.183424841994385e-01
   -1.198737167659381e-01
   -1.404012777990360e-01
   -1.540311207450562e-01
   -1.540182772457366e-01
   -1.488095808950562e-01
   -1.465417355035414e-01
   -1.379570522259288e-01
   -1.170453379408187e-01
   -9.661103127647341e-02
   -8.591329323773267e-02
   -8.553288886380184e-02
   -1.001722337498967e-01
   -1.099661300497690e-01
   -9.928849529882378e-02
   -9.179703131862671e-02
   -8.966761677439927e-02
   -8.527871102959272e-02
   -8.487265227410723e-02
   -9.335003428924904e-02
   -1.064426987939238e-01
   -1.073893921277180e-01
   -9.133303488603084e-02
   -8.324317876685527e-02
   -9.043974861506210e-02
   -9.292260553305343e-02
   -8.402995076666753e-02
   -6.740994647873144e-02
   -5.593812199394588e-02
   -4.572569521511860e-02
   -3.729387438522469e-02
   -3.941785677606502e-02
   -3.664450386865026e-02
   -3.332847781270409e-02
   -3.029645369039269e-02
   -2.660455954590635e-02
   -3.846750237429752e-02
   -5.563190345645785e-02
   -7.225540202688285e-02
   -8.442426622282451e-02
   -8.915088445778041e-02
   -8.058005101574062e-02
   -7.639461637793499e-02
   -9.025715178052951e-02
   -8.555839044701918e-02
   -6.510268462451618e-02
   -4.422669280511604e-02
   -2.592828762802202e-02
   -1.852176814765683e-02
   -3.000565510012265e-02
   -4.198828804408139e-02
   -3.190565657944511e-02
   -1.447690536608537e-02
   -6.248376436812642e-03
   -8.564591880143579e-03
   -1.529940221765780e-02
   -3.089539590845236e-02
   -4.401032537459271e-02
   -4.290932559821048e-02
   -3.422336592807329e-02
   -1.398782150692113e-02
    9.156911438066295e-03
    1.535481479750134e-02
    5.251851146750308e-03
   -6.277184355693022e-03
   -7.608964710626998e-03
    7.298094652218312e-03
    6.808394869560752e-03
   -1.998373256681063e-02
   -4.399299188243222e-02
   -5.335278729257986e-02
   -4.172281294729574e-02
   -2.244505914422490e-02
   -4.795421845328329e-03
    1.400928981717064e-02
    2.462624690051873e-02
    2.806383249490785e-02
    3.383203002889856e-02
    3.735997756913356e-02
    4.029565234207277e-02
    4.506646516187485e-02
    4.944946470741285e-02
    5.624172836302899e-02
    6.394287526867437e-02
    7.182127363171142e-02
    7.195330229654240e-02
    6.071326037900726e-02
    4.930998145312504e-02
    4.675153353477346e-02
    4.432651900641460e-02
    3.475437134332293e-02
    2.871367418712079e-02
    1.249720094294915e-02
   -1.353603017289484e-02
   -2.688316313214312e-02
   -5.303706297440813e-02
   -8.740389839008378e-02
   -9.345169492692484e-02
   -8.927319751488083e-02
   -8.631428253192186e-02
   -7.732937686632080e-02
   -6.098387139451433e-02
   -3.950732934794421e-02
   -1.820532717809464e-02
   -8.272484937105196e-03
   -1.492022029695450e-02
   -1.527648124737602e-02
   -1.311068992575160e-02
   -1.950152219834189e-02
   -4.544463269031684e-02
   -7.205906365124970e-02
   -6.911432477941792e-02
   -6.032960494038564e-02
   -5.737537682453664e-02
   -5.309253656540669e-02
   -4.606226373471078e-02
   -4.454523432025015e-02
   -5.711141387500174e-02
   -7.574037684292545e-02
   -8.103429447153365e-02
   -6.104430172553132e-02
   -3.622549434258326e-02
   -3.129659208656488e-02
   -4.352697159418439e-02
   -5.885890265050264e-02
   -6.431364348111090e-02
   -4.571610050546626e-02
   -1.424034275613550e-02
    1.470446447373597e-03
    8.563256117555262e-03
    1.968476376780215e-02
    2.712203191473250e-02
    2.523869810251655e-02
    7.191502987691223e-03
   -1.938099216998390e-02
   -3.809536786135048e-02
   -4.852695558324349e-02
   -5.759472716945435e-02
   -5.795421054716865e-02
   -4.783176901239194e-02
   -4.018963796963648e-02
   -4.887192249353411e-02
   -5.654819426907487e-02
   -4.223360518799568e-02
   -2.748335786622258e-02
   -2.854912274457444e-02
   -3.284438664864053e-02
   -3.041791371910740e-02
   -3.036447762559291e-02
   -5.158662768962818e-02
   -8.565393601766669e-02
   -9.635773141382975e-02
   -8.472840115679947e-02
   -6.340383915677261e-02
   -4.870525596896824e-02
   -4.379916368231873e-02
   -4.048909885166152e-02
   -3.717310197342227e-02
   -2.934392409528863e-02
   -2.698062822230396e-02
   -3.094410367443068e-02
   -2.628237655180721e-02
   -1.364625458439628e-02
   -1.375761032160749e-02
   -2.778977927100135e-02
   -3.055485959863491e-02
   -1.691148188322833e-02
   -1.523538290079784e-02
   -2.217040920920343e-02
   -1.570187788243915e-02
   -5.763079254936798e-03
    6.544695878814011e-03
    2.010213606133515e-02
    1.226813901300083e-02
   -5.196005966430217e-03
   -1.539410762397164e-02
   -2.238481335873566e-02
   -2.628691932592409e-02
   -3.090341015020259e-02
   -3.552551490861422e-02
   -4.726069578956160e-02
   -6.367978877098279e-02
   -6.722745262209839e-02
   -6.698884272971606e-02
   -6.415895716963549e-02
   -6.272317553915219e-02
   -7.223971642480453e-02
   -8.938929755828662e-02
   -9.235834855440439e-02
   -7.944145424671367e-02
   -6.479527459186896e-02
   -4.160716714524559e-02
   -2.743109498737573e-02
   -2.537905670578100e-02
   -2.075740228479006e-02
   -2.075477600294695e-02
   -3.827310181569343e-02
   -6.258526827078059e-02
   -6.694237432640415e-02
   -5.077217240329279e-02
   -3.660542521960686e-02
   -1.791329495295368e-02
    8.684478477345436e-03
    2.721871460770853e-02
    2.726507591486182e-02
    2.037686439496422e-02
    1.778044121621969e-02
    1.930261736039940e-02
    3.093044554531632e-02
    3.687647848179321e-02
    3.247177511195076e-02
    4.254932217835572e-02
    6.387805482250597e-02
    7.925011439063878e-02
    8.936836623665734e-02
    9.999016262710825e-02
    1.039940521345462e-01
    1.009063423952639e-01
    1.025806505749993e-01
    1.091753894287906e-01
    1.271619259783696e-01
    1.431416255095752e-01
    1.412357559756350e-01
    1.330228926815002e-01
    1.236451903371427e-01
    1.123148469198409e-01
    9.482755947096244e-02
    6.627032968535396e-02
    4.143124608035453e-02
    2.419157976443653e-02
    8.415474999430295e-03
    3.402990939156414e-03
    1.372536232713273e-03
   -1.503035000537389e-02
   -3.426561956382468e-02
   -3.385428517000078e-02
   -1.737506995872273e-02
    2.240928418604238e-03
    1.708597626340458e-02
    2.161473993280261e-02
    2.755789879259840e-02
    4.722424250666490e-02
    5.559143029032709e-02
    3.972392877437336e-02
    3.576428507850338e-02
    3.810236254435218e-02
    3.160274755561243e-02
    2.674492016179419e-02
   -1.418860919812914e-03
   -3.635927057022537e-02
   -4.112351949477899e-02
   -4.694567410025829e-02
   -5.510423011243271e-02
   -4.913849097023526e-02
   -4.028053208701809e-02
   -3.265747193749169e-02
   -4.439248321883360e-02
   -5.141276770883385e-02
   -2.512792815229536e-02
    9.644743574805936e-03
    3.071728329668399e-02
    4.377552153671305e-02
    5.452509268652594e-02
    6.332581159435691e-02
    7.418138522178541e-02
    8.681502946772834e-02
    9.250865397953500e-02
    1.049395118051222e-01
    1.280265691607885e-01
    1.401834864988061e-01
    1.380157389993764e-01
    1.267704129116820e-01
    1.255586398198749e-01
    1.187451050382393e-01
    9.377698448853944e-02
    8.285614870427671e-02
    9.037380516275895e-02
    1.011551011959411e-01
    1.149704918447281e-01
    1.279924458069015e-01
    1.386182499729105e-01
    1.430190564370071e-01
    1.364452020362539e-01
    1.259189020723583e-01
    1.175594939496571e-01
    1.096167954507787e-01
    9.766060077997518e-02
    7.843118668940052e-02
    5.706945237753502e-02
    4.741015394461034e-02
    4.085725536737916e-02
    2.989798659797316e-02
    1.485466160206839e-02
    6.679202809677376e-03
    9.805799883575439e-03
    6.666504672808715e-03
   -1.558581120896241e-03
   -1.483629529202002e-03
    1.253043550160982e-02
    2.097563844513761e-02
    2.095444820924719e-02
    2.900136969665068e-02
    3.529914991753480e-02
    2.688324366339923e-02
    1.671397799807517e-02
    2.150924472489546e-02
    3.209340985376508e-02
    4.369415184538483e-02
    5.306739997359644e-02
    5.109943329191680e-02
    3.754330048270971e-02
    2.351398870214072e-02
    1.901195165857961e-02
    2.511408113180180e-02
    3.546966099634896e-02
    3.028622822262350e-02
    2.468823573475221e-02
    3.128689820222408e-02
    2.807948175889363e-02
    2.595938122457064e-02
    3.980929912128284e-02
    6.816171847196628e-02
    1.004533146204212e-01
    1.279463303255768e-01
    1.569220384592973e-01
    1.732047530615333e-01
    1.812318394602974e-01
    2.002794546896092e-01
    2.235973468891983e-01
    2.375843415096757e-01
    2.418088661382101e-01
    2.483394478281020e-01
    2.675492505577526e-01
    2.981121378277674e-01
    3.107948702393859e-01
    3.177119984449028e-01
    3.380573151717747e-01
    3.486651912972771e-01
    3.426391581968458e-01
    3.319583269280457e-01
    3.327457397250722e-01
    3.384663064107230e-01
    3.462436778041267e-01
    3.610795569661329e-01
    3.768676938336502e-01
    3.861662804800725e-01
    3.787359135450619e-01
    3.601576457851025e-01
    3.519321298620676e-01
    3.620899262003113e-01
    3.789960144275661e-01
    3.928442878689326e-01
    4.064268532492260e-01
    4.062979348506557e-01
    3.998859965321044e-01
    4.056070850636628e-01
    4.035915855026390e-01
    3.945584389801621e-01
    3.938039424698286e-01
    3.901431455552046e-01
    3.892324498395927e-01
    4.022222523574653e-01
    4.189794623983323e-01
    4.278113962600394e-01
    4.266551523464979e-01
    4.202249002949841e-01
    4.146729922278139e-01
    4.117583183475802e-01
    4.187278586881502e-01
    4.258056526075178e-01
    4.237336689169588e-01
    4.093860859384442e-01
    3.880206762739564e-01
    3.857308947612030e-01
    3.911871900427802e-01
    3.998488479717779e-01
    4.142583673891440e-01
    4.254696460026144e-01
    4.316178717259312e-01
    4.255979998296839e-01
    3.914640757479504e-01
    3.552292226746540e-01
    3.489854898997230e-01
    3.432706127813001e-01
    3.246690861546742e-01
    3.181405302824097e-01
    3.377875634453870e-01
    3.536916575245086e-01
    3.461659533771216e-01
    3.383535183506015e-01
    3.339186578736220e-01
    3.330275207568389e-01
    3.221654969287552e-01
    3.011164425661139e-01
    2.889256185234840e-01
    2.804350747105933e-01
    2.770150428418122e-01
    2.833918269347213e-01
    2.947602721468440e-01
    2.876466298465957e-01
    2.570954553043103e-01
    2.195572779114963e-01
    1.983719867112321e-01
    1.937355435399757e-01
    1.759447583480156e-01
    1.645024441305132e-01
    1.690039451037029e-01
    1.670026983885364e-01
    1.638228111474282e-01
    1.681176639973747e-01
    1.690213162584597e-01
    1.649749417455537e-01
    1.684025606174944e-01
    1.834457533692035e-01
    2.006492614494737e-01
    2.208827927448465e-01
    2.357068115279770e-01
    2.350362580852561e-01
    2.486405962902161e-01
    2.695419702374724e-01
    2.687079821563376e-01
    2.531498959686529e-01
    2.461217051926512e-01
    2.510103696593102e-01
    2.515926086831610e-01
    2.471901068106142e-01
    2.529190321058572e-01
    2.704921471240618e-01
    2.979374093237241e-01
    3.232885882887604e-01
    3.326784078911826e-01
    3.369451562505876e-01
    3.302968329396128e-01
    3.209089027383283e-01
    3.224031042882891e-01
    3.189017510194270e-01
    3.069801514469261e-01
    2.976960717940980e-01
    2.928464489408378e-01
    2.799760271351148e-01
    2.649686553740138e-01
    2.648734383127116e-01
    2.659670467580799e-01
    2.571642357271164e-01
    2.443579081027214e-01
    2.274974989277934e-01
    2.070458746206594e-01
    1.878439348826966e-01
    1.782688682481770e-01
    1.810243845588944e-01
    1.943556652909084e-01
    1.975841879573337e-01
    1.834077191131422e-01
    1.872929085601083e-01
    2.002906240379709e-01
    1.941642326821813e-01
    1.717597440445773e-01
    1.381863789150439e-01
    1.095727636770971e-01
    9.833233699216404e-02
    1.078225378157271e-01
    1.304581875267474e-01
    1.450884992351997e-01
    1.458504938254390e-01
    1.375555593609312e-01
    1.239039909946049e-01
    1.008121944756479e-01
    7.040620743431258e-02
    4.872097032394773e-02
    4.493352069374845e-02
    5.693522434079723e-02
    6.901064627932163e-02
    8.202191308395612e-02
    9.554828554742212e-02
    1.007436989676380e-01
    8.880114792618299e-02
    6.900450388783952e-02
    6.042188199231191e-02
    5.698753733780260e-02
    4.329595778375994e-02
    1.656378905702693e-02
    7.105530144388972e-03
    1.091869348452956e-02
    3.264207464814817e-03
   -1.779212628085780e-03
    6.576810730067884e-03
    2.252007129537326e-02
    2.933329047513311e-02
    2.681864212413343e-02
    2.339764912614450e-02
    1.345592273198415e-02
    8.687716597468587e-03
    2.501794036437133e-02
    4.442219503900446e-02
    4.251721278033971e-02
    3.285204336591629e-02
    3.654459533118715e-02
    4.758124899070459e-02
    6.224209412486914e-02
    7.658520902344090e-02
    7.473786487917300e-02
    5.816817891973969e-02
    3.821865416126613e-02
    2.059087597345854e-02
    1.064002574889811e-02
    5.551669191392605e-03
   -8.144397489666666e-03
   -2.251405356143099e-02
   -2.998519564139768e-02
   -4.729916189757821e-02
   -7.496422098399069e-02
   -8.855313010935895e-02
   -7.590863048382746e-02
   -5.890163873421894e-02
   -5.515126735242459e-02
   -6.229159110442861e-02
   -6.924602928153334e-02
   -7.361490357591371e-02
   -7.028369498844667e-02
   -4.689911251853474e-02
   -3.492742728055109e-02
   -5.145397146177455e-02
   -6.328515458880801e-02
   -5.814988611545058e-02
   -4.796097625368478e-02
   -4.879850213271641e-02
   -6.434228291078314e-02
   -7.684024443788795e-02
   -8.595572486711056e-02
   -1.186811484036054e-01
   -1.475595036486799e-01
   -1.504963821530869e-01
   -1.622894975976630e-01
   -1.799162272806143e-01
   -1.885430246914521e-01
   -1.916900165377577e-01
   -1.883864968332283e-01
   -1.780591602640658e-01
   -1.678533649540936e-01
   -1.604696413153262e-01
   -1.465177034702081e-01
   -1.215840749961061e-01
   -1.058777583191217e-01
   -1.135948880924254e-01
   -1.337791636203400e-01
   -1.443215056460123e-01
   -1.308839946687401e-01
   -1.139230203923303e-01
   -1.145864657479345e-01
   -1.173587845345359e-01
   -1.160989139150992e-01
   -1.199778395448736e-01
   -1.160708383511744e-01
   -1.018394021533942e-01
   -7.876341336167325e-02
   -5.845447243918445e-02
   -4.378942109500183e-02
   -1.986553921048184e-02
   -3.674118854619657e-03
    6.796757097138340e-06
   -1.388367722849893e-03
    5.243213846446437e-03
    2.429094390656639e-02
    3.776655330278489e-02
    4.527978703152691e-02
    5.721426737341551e-02
    7.192698900999606e-02
    6.626062156889878e-02
    5.390666859011350e-02
    5.672185269206986e-02
    6.256784509081958e-02
    7.022688623785411e-02
    7.688413808406569e-02
    8.605185069533672e-02
    9.410760699110954e-02
    8.912010258065761e-02
    7.203376516990323e-02
    4.823485594101173e-02
    2.443729954785701e-02
    1.940764193933298e-02
    2.876328248408111e-02
    2.926899015280870e-02
    2.038398042349066e-02
    4.493943607648543e-03
   -7.885500983459970e-03
   -3.818077466901659e-03
    1.675053372798940e-02
    2.470976458389895e-02
    9.306955789294413e-03
    5.299298472047909e-03
    1.257686357524435e-02
    1.918330243994237e-02
    2.593901793415787e-02
    2.846450940531930e-02
    3.242402548219392e-02
    2.911003071342400e-02
    1.743776960334564e-02
    4.840558810137452e-03
   -1.159548165207802e-02
   -1.961958234696359e-02
   -1.671638001053299e-02
   -2.129116701125255e-02
   -3.070065384799481e-02
   -3.421949296452453e-02
   -4.150986905275378e-02
   -5.214521414915074e-02
   -7.454976050359496e-02
   -1.015484772342568e-01
   -1.125415766304005e-01
   -1.054474264758487e-01
   -8.121822430405823e-02
   -6.297560753586007e-02
   -5.979369202478102e-02
   -6.605819831675852e-02
   -7.063076639573396e-02
   -7.343699119183311e-02
   -8.917715352404487e-02
   -9.932886230112681e-02
   -9.553116240347714e-02
   -9.180476909397939e-02
   -8.343574386417307e-02
   -7.079273273727926e-02
   -6.364013313735484e-02
   -5.172166642786857e-02
   -5.046649561269989e-02
   -5.596839316302393e-02
   -4.981252907572120e-02
   -5.556485386913668e-02
   -6.440110478987959e-02
   -8.601031634355438e-02
   -1.326961153858996e-01
   -1.687364698934912e-01
   -1.812801626373850e-01
   -1.865045740366722e-01
   -1.931549359227058e-01
   -1.878892066264326e-01
   -1.700015243541808e-01
   -1.600762647222376e-01
   -1.614363401707408e-01
   -1.647739074968968e-01
   -1.724838127011563e-01
   -1.894089777976482e-01
   -1.916562499063956e-01
   -1.794291253380409e-01
   -1.770086467099308e-01
   -1.849063473309120e-01
   -1.881753244368845e-01
   -1.964884610252426e-01
   -2.078926676075898e-01
   -2.055552314917908e-01
   -2.080774249082928e-01
   -2.163768071874550e-01
   -2.157178800505932e-01
   -2.060531661283838e-01
   -2.058709474102638e-01
   -2.185590281312388e-01
   -2.162913050368875e-01
   -2.026206830424482e-01
   -1.914095487136225e-01
   -1.744335144276377e-01
   -1.691349730721836e-01
   -1.558317529458064e-01
   -1.217913375670843e-01
   -9.181199123976413e-02
   -6.879317477499924e-02
   -6.075027943627798e-02
   -6.766498170970969e-02
   -7.732461278614822e-02
   -7.030157476851318e-02
   -4.168803280188316e-02
   -1.477223387995608e-02
   -4.446724987327011e-03
   -4.818738374123832e-03
   -2.318540465876540e-03
    1.046034446303690e-02
    2.166398354396026e-02
    1.944426079258932e-02
    7.480994640303162e-03
   -9.127776331124826e-03
   -2.386352586920548e-02
   -3.069396428395654e-02
   -3.752950511240694e-02
   -5.214762780102244e-02
   -6.960769425537028e-02
   -7.510221927795824e-02
   -7.110382926562409e-02
   -7.082954788498297e-02
   -7.018449611555733e-02
   -7.186404533130464e-02
   -7.014787005661383e-02
   -5.526274009168497e-02
   -5.226916623141120e-02
   -6.126071051596904e-02
   -6.138156547694784e-02
   -5.095861393565659e-02
   -4.046131367320682e-02
   -3.545557299420743e-02
   -1.897115472869748e-02
    1.650538667526957e-03
   -1.113285072209536e-03
   -9.178991673640668e-03
   -5.287128239900296e-03
   -3.621566793480246e-03
    9.311152885249641e-03
    2.909259793262731e-02
    3.093986011035721e-02
    1.912458340038170e-02
    6.096728366692394e-03
   -3.721302898539447e-03
   -1.713541512586292e-02
   -3.043317756963537e-02
   -3.943208180435254e-02
   -4.773354363126647e-02
   -5.288043890024463e-02
   -5.703860155479079e-02
   -4.864637154764484e-02
   -3.106560418401072e-02
   -1.563003287770259e-02
    3.983292325383525e-03
    2.208636487910143e-02
    2.534461363094653e-02
    1.963788310785253e-02
    2.006417922596926e-02
    2.098334311844363e-02
    2.286340995731773e-02
    2.740835612836889e-02
    2.642331815201571e-02
    2.262006035485320e-02
    1.533737318425654e-02
    9.702876802076821e-03
    1.350522921591657e-02
    2.312712858466459e-02
    2.812002178966377e-02
    1.926997162667532e-02
    1.162962717859983e-03
   -1.628167349932319e-02
   -2.681632281846258e-02
   -3.993275394811202e-02
   -4.261223641353395e-02
   -3.540003622539256e-02
   -3.403576721495494e-02
   -2.452359288683259e-02
   -1.830025261152501e-02
   -2.430666846143459e-02
   -2.978748040948220e-02
   -3.908127573383213e-02
   -3.660243230298010e-02
   -2.946147093192519e-02
   -4.151184778112271e-02
   -5.599368083269107e-02
   -7.897325565723867e-02
   -1.050501360417166e-01
   -1.040364654140780e-01
   -9.500156537306181e-02
   -1.142414882853138e-01
   -1.348097032696371e-01
   -1.332477880417460e-01
   -1.261875082102271e-01
   -1.408017784264759e-01
   -1.671449493430399e-01
   -1.748771517892400e-01
   -1.829993752500503e-01
   -1.960322684190252e-01
   -2.070741690402034e-01
   -2.134699951716779e-01
   -2.065337984612681e-01
   -1.836774804822083e-01
   -1.542774188000345e-01
   -1.380466207824460e-01
   -1.408063501119011e-01
   -1.378567456635937e-01
   -1.157781450432910e-01
   -8.988694811993436e-02
   -6.430526090185018e-02
   -5.596186192067254e-02
   -6.892567639845026e-02
   -8.387055765236573e-02
   -9.273548716264013e-02
   -9.500788336292643e-02
   -9.684489325168688e-02
   -9.939679501759224e-02
   -1.143896257713167e-01
   -1.326020488902074e-01
   -1.368274399176000e-01
   -1.350570592647787e-01
   -1.384578325549374e-01
   -1.549829274496256e-01
   -1.729575912117243e-01
   -1.927884949893532e-01
   -2.069572078384352e-01
   -1.906226345889056e-01
   -1.635502285010670e-01
   -1.504575972179029e-01
   -1.456228592937442e-01
   -1.445642105815181e-01
   -1.426442090646135e-01
   -1.404654871848265e-01
   -1.448916065185579e-01
   -1.425821449233278e-01
   -1.462947475652249e-01
   -1.727950317855309e-01
   -1.875215673044250e-01
   -1.780540148371856e-01
   -1.661208108977874e-01
   -1.593631312460364e-01
   -1.512469257786886e-01
   -1.539113939489273e-01
   -1.780657934008834e-01
   -2.062848458686356e-01
   -2.240778336074034e-01
   -2.306638250891402e-01
   -2.296843141588534e-01
   -2.150584237092051e-01
   -1.976791733839438e-01
   -1.876783503762484e-01
   -1.680110103722006e-01
   -1.412774860153275e-01
   -1.145620476104289e-01
   -9.202670133249963e-02
   -7.921643561456679e-02
   -7.473823166142216e-02
   -8.195917635290706e-02
   -9.590566045891022e-02
   -1.064768116560157e-01
   -1.102266498065751e-01
   -1.132596571204396e-01
   -1.049981350740745e-01
   -8.242874343823814e-02
   -6.524326964085558e-02
   -5.283482516684451e-02
   -4.522961643326259e-02
   -4.374387430698901e-02
   -4.581161661405528e-02
   -4.530960895927819e-02
   -4.049290036293604e-02
   -3.578716310436277e-02
   -3.017049027664712e-02
   -4.260968054345372e-02
   -6.451870695601880e-02
   -6.693110310275245e-02
   -5.413449033161044e-02
   -4.458347809917822e-02
   -4.220114516014176e-02
   -4.317938223271485e-02
   -4.903648320057869e-02
   -5.768853295338883e-02
   -5.675827747182668e-02
   -3.967752992821320e-02
   -2.231905750279855e-02
