    0.000000000000000e+00
    6.283185307179587e-02
    1.256637061435917e-01
    1.884955592153876e-01
    2.513274122871835e-01
    3.141592653589793e-01
    3.769911184307752e-01
    4.398229715025711e-01
    5.026548245743669e-01
    5.654866776461628e-01
    6.283185307179586e-01
    6.911503837897546e-01
    7.539822368615504e-01
    8.168140899333463e-01
    8.796459430051422e-01
    9.424777960769380e-01
    1.005309649148734e+00
    1.068141502220530e+00
    1.130973355292326e+00
    1.193805208364122e+00
    1.256637061435917e+00
    1.319468914507713e+00
    1.382300767579509e+00
    1.445132620651305e+00
    1.507964473723101e+00
    1.570796326794897e+00
    1.633628179866693e+00
    1.696460032938488e+00
    1.759291886010284e+00
    1.822123739082080e+00
    1.884955592153876e+00
    1.947787445225672e+00
    2.010619298297468e+00
    2.073451151369264e+00
    2.136283004441060e+00
    2.199114857512855e+00
    2.261946710584651e+00
    2.324778563656447e+00
    2.387610416728243e+00
    2.450442269800039e+00
    2.513274122871834e+00
    2.576105975943630e+00
    2.638937829015426e+00
    2.701769682087222e+00
    2.764601535159018e+00
    2.827433388230814e+00
    2.890265241302610e+00
    2.953097094374406e+00
    3.015928947446202e+00
    3.078760800517998e+00
    3.141592653589794e+00
    3.204424506661589e+00
    3.267256359733385e+00
    3.330088212805181e+00
    3.392920065876977e+00
    3.455751918948773e+00
    3.518583772020569e+00
    3.581415625092364e+00
    3.644247478164160e+00
    3.707079331235956e+00
    3.769911184307752e+00
    3.832743037379548e+00
    3.895574890451344e+00
    3.958406743523140e+00
    4.021238596594936e+00
    4.084070449666731e+00
    4.146902302738527e+00
    4.209734155810323e+00
    4.272566008882119e+00
    4.335397861953915e+00
    4.398229715025710e+00
    4.461061568097507e+00
    4.523893421169302e+00
    4.586725274241099e+00
    4.649557127312894e+00
    4.712388980384690e+00
    4.775220833456486e+00
    4.838052686528282e+00
    4.900884539600078e+00
    4.963716392671873e+00
    5.026548245743669e+00
    5.089380098815465e+00
    5.152211951887261e+00
    5.215043804959057e+00
    5.277875658030853e+00
    5.340707511102649e+00
    5.403539364174445e+00
    5.466371217246240e+00
    5.529203070318037e+00
    5.592034923389832e+00
    5.654866776461628e+00
    5.717698629533424e+00
    5.780530482605220e+00
    5.843362335677016e+00
    5.906194188748811e+00
    5.969026041820608e+00
    6.031857894892403e+00
    6.094689747964199e+00
    6.157521601035995e+00
    6.220353454107791e+00
    6.283185307179587e+00
    6.346017160251383e+00
    6.408849013323178e+00
    6.471680866394975e+00
    6.534512719466770e+00
    6.597344572538566e+00
    6.660176425610362e+00
    6.723008278682157e+00
    6.785840131753954e+00
    6.848671984825749e+00
    6.911503837897546e+00
    6.974335690969341e+00
    7.037167544041138e+00
    7.099999397112933e+00
    7.162831250184729e+00
    7.225663103256525e+00
    7.288494956328321e+00
    7.351326809400117e+00
    7.414158662471912e+00
    7.476990515543708e+00
    7.539822368615504e+00
    7.602654221687300e+00
    7.665486074759096e+00
    7.728317927830892e+00
    7.791149780902687e+00
    7.853981633974484e+00
    7.916813487046279e+00
    7.979645340118076e+00
    8.042477193189871e+00
    8.105309046261667e+00
    8.168140899333462e+00
    8.230972752405259e+00
    8.293804605477055e+00
    8.356636458548850e+00
    8.419468311620646e+00
    8.482300164692441e+00
    8.545132017764239e+00
    8.607963870836034e+00
    8.670795723907830e+00
    8.733627576979625e+00
    8.796459430051421e+00
    8.859291283123218e+00
    8.922123136195014e+00
    8.984954989266809e+00
    9.047786842338605e+00
    9.110618695410400e+00
    9.173450548482197e+00
    9.236282401553993e+00
    9.299114254625788e+00
    9.361946107697584e+00
    9.424777960769379e+00
    9.487609813841177e+00
    9.550441666912972e+00
    9.613273519984768e+00
    9.676105373056563e+00
    9.738937226128359e+00
    9.801769079200156e+00
    9.864600932271951e+00
    9.927432785343747e+00
    9.990264638415542e+00
    1.005309649148734e+01
    1.011592834455914e+01
    1.017876019763093e+01
    1.024159205070273e+01
    1.030442390377452e+01
    1.036725575684632e+01
    1.043008760991811e+01
    1.049291946298991e+01
    1.055575131606171e+01
    1.061858316913350e+01
    1.068141502220530e+01
    1.074424687527709e+01
    1.080707872834889e+01
    1.086991058142068e+01
    1.093274243449248e+01
    1.099557428756428e+01
    1.105840614063607e+01
    1.112123799370787e+01
    1.118406984677966e+01
    1.124690169985146e+01
    1.130973355292326e+01
    1.137256540599505e+01
    1.143539725906685e+01
    1.149822911213864e+01
    1.156106096521044e+01
    1.162389281828224e+01
    1.168672467135403e+01
    1.174955652442583e+01
    1.181238837749762e+01
    1.187522023056942e+01
    1.193805208364122e+01
    1.200088393671301e+01
    1.206371578978481e+01
    1.212654764285660e+01
    1.218937949592840e+01
    1.225221134900019e+01
    1.231504320207199e+01
    1.237787505514379e+01
    1.244070690821558e+01
    1.250353876128738e+01
    1.256637061435917e+01
    1.262920246743097e+01
    1.269203432050277e+01
    1.275486617357456e+01
    1.281769802664636e+01
    1.288052987971815e+01
    1.294336173278995e+01
    1.300619358586174e+01
    1.306902543893354e+01
    1.313185729200534e+01
    1.319468914507713e+01
    1.325752099814893e+01
    1.332035285122072e+01
    1.338318470429252e+01
    1.344601655736431e+01
    1.350884841043611e+01
    1.357168026350791e+01
    1.363451211657970e+01
    1.369734396965150e+01
    1.376017582272329e+01
    1.382300767579509e+01
    1.388583952886689e+01
    1.394867138193868e+01
    1.401150323501048e+01
    1.407433508808228e+01
    1.413716694115407e+01
    1.419999879422587e+01
    1.426283064729766e+01
    1.432566250036946e+01
    1.438849435344125e+01
    1.445132620651305e+01
    1.451415805958485e+01
    1.457698991265664e+01
    1.463982176572844e+01
    1.470265361880023e+01
    1.476548547187203e+01
    1.482831732494382e+01
    1.489114917801562e+01
    1.495398103108742e+01
    1.501681288415921e+01
    1.507964473723101e+01
    1.514247659030280e+01
    1.520530844337460e+01
    1.526814029644640e+01
    1.533097214951819e+01
    1.539380400258999e+01
    1.545663585566178e+01
    1.551946770873358e+01
    1.558229956180537e+01
    1.564513141487717e+01
    1.570796326794897e+01
    1.577079512102076e+01
    1.583362697409256e+01
    1.589645882716435e+01
    1.595929068023615e+01
    1.602212253330795e+01
    1.608495438637974e+01
    1.614778623945154e+01
    1.621061809252333e+01
    1.627344994559513e+01
    1.633628179866692e+01
    1.639911365173872e+01
    1.646194550481052e+01
    1.652477735788231e+01
    1.658760921095411e+01
    1.665044106402591e+01
    1.671327291709770e+01
    1.677610477016950e+01
    1.683893662324129e+01
    1.690176847631309e+01
    1.696460032938488e+01
    1.702743218245668e+01
    1.709026403552848e+01
    1.715309588860027e+01
    1.721592774167207e+01
    1.727875959474386e+01
    1.734159144781566e+01
    1.740442330088745e+01
    1.746725515395925e+01
    1.753008700703105e+01
    1.759291886010284e+01
    1.765575071317464e+01
    1.771858256624644e+01
    1.778141441931823e+01
    1.784424627239003e+01
    1.790707812546182e+01
    1.796990997853362e+01
    1.803274183160541e+01
    1.809557368467721e+01
    1.815840553774900e+01
    1.822123739082080e+01
    1.828406924389260e+01
    1.834690109696439e+01
    1.840973295003619e+01
    1.847256480310799e+01
    1.853539665617978e+01
    1.859822850925158e+01
    1.866106036232337e+01
    1.872389221539517e+01
    1.878672406846696e+01
    1.884955592153876e+01
    1.891238777461056e+01
    1.897521962768235e+01
    1.903805148075415e+01
    1.910088333382594e+01
    1.916371518689774e+01
    1.922654703996954e+01
    1.928937889304133e+01
    1.935221074611313e+01
    1.941504259918492e+01
    1.947787445225672e+01
    1.954070630532852e+01
    1.960353815840031e+01
    1.966637001147211e+01
    1.972920186454390e+01
    1.979203371761570e+01
    1.985486557068749e+01
    1.991769742375929e+01
    1.998052927683108e+01
    2.004336112990288e+01
    2.010619298297468e+01
    2.016902483604648e+01
    2.023185668911827e+01
    2.029468854219007e+01
    2.035752039526186e+01
    2.042035224833366e+01
    2.048318410140545e+01
    2.054601595447725e+01
    2.060884780754904e+01
    2.067167966062084e+01
    2.073451151369264e+01
    2.079734336676443e+01
    2.086017521983623e+01
    2.092300707290802e+01
    2.098583892597982e+01
    2.104867077905162e+01
    2.111150263212341e+01
    2.117433448519521e+01
    2.123716633826700e+01
    2.129999819133880e+01
    2.136283004441060e+01
    2.142566189748239e+01
    2.148849375055419e+01
    2.155132560362598e+01
    2.161415745669778e+01
    2.167698930976957e+01
    2.173982116284137e+01
    2.180265301591317e+01
    2.186548486898496e+01
    2.192831672205676e+01
    2.199114857512856e+01
    2.205398042820035e+01
    2.211681228127215e+01
    2.217964413434394e+01
    2.224247598741574e+01
    2.230530784048753e+01
    2.236813969355933e+01
    2.243097154663112e+01
    2.249380339970292e+01
    2.255663525277471e+01
    2.261946710584651e+01
    2.268229895891831e+01
    2.274513081199011e+01
    2.280796266506190e+01
    2.287079451813370e+01
    2.293362637120549e+01
    2.299645822427729e+01
    2.305929007734908e+01
    2.312212193042088e+01
    2.318495378349267e+01
    2.324778563656447e+01
    2.331061748963627e+01
    2.337344934270806e+01
    2.343628119577986e+01
    2.349911304885165e+01
    2.356194490192345e+01
    2.362477675499525e+01
    2.368760860806704e+01
    2.375044046113884e+01
    2.381327231421063e+01
    2.387610416728243e+01
    2.393893602035423e+01
    2.400176787342602e+01
    2.406459972649782e+01
    2.412743157956961e+01
    2.419026343264141e+01
    2.425309528571320e+01
    2.431592713878500e+01
    2.437875899185680e+01
    2.444159084492859e+01
    2.450442269800039e+01
    2.456725455107219e+01
    2.463008640414398e+01
    2.469291825721578e+01
    2.475575011028757e+01
    2.481858196335937e+01
    2.488141381643116e+01
    2.494424566950296e+01
    2.500707752257475e+01
    2.506990937564655e+01
    2.513274122871835e+01
    2.519557308179014e+01
    2.525840493486194e+01
    2.532123678793374e+01
    2.538406864100553e+01
    2.544690049407733e+01
    2.550973234714912e+01
    2.557256420022092e+01
    2.563539605329271e+01
    2.569822790636451e+01
    2.576105975943631e+01
    2.582389161250810e+01
    2.588672346557990e+01
    2.594955531865169e+01
    2.601238717172349e+01
    2.607521902479528e+01
    2.613805087786708e+01
    2.620088273093888e+01
    2.626371458401067e+01
    2.632654643708247e+01
    2.638937829015427e+01
    2.645221014322606e+01
    2.651504199629786e+01
    2.657787384936965e+01
    2.664070570244145e+01
    2.670353755551324e+01
    2.676636940858504e+01
    2.682920126165683e+01
    2.689203311472863e+01
    2.695486496780043e+01
    2.701769682087222e+01
    2.708052867394402e+01
    2.714336052701582e+01
    2.720619238008761e+01
    2.726902423315941e+01
    2.733185608623120e+01
    2.739468793930300e+01
    2.745751979237479e+01
    2.752035164544659e+01
    2.758318349851839e+01
    2.764601535159018e+01
    2.770884720466198e+01
    2.777167905773377e+01
    2.783451091080557e+01
    2.789734276387737e+01
    2.796017461694916e+01
    2.802300647002096e+01
    2.808583832309275e+01
    2.814867017616455e+01
    2.821150202923635e+01
    2.827433388230814e+01
    2.833716573537994e+01
    2.839999758845173e+01
    2.846282944152353e+01
    2.852566129459532e+01
    2.858849314766712e+01
    2.865132500073891e+01
    2.871415685381071e+01
    2.877698870688251e+01
    2.883982055995430e+01
    2.890265241302610e+01
    2.896548426609790e+01
    2.902831611916969e+01
    2.909114797224149e+01
    2.915397982531328e+01
    2.921681167838508e+01
    2.927964353145687e+01
    2.934247538452867e+01
    2.940530723760047e+01
    2.946813909067226e+01
    2.953097094374406e+01
    2.959380279681585e+01
    2.965663464988765e+01
    2.971946650295945e+01
    2.978229835603124e+01
    2.984513020910304e+01
    2.990796206217483e+01
    2.997079391524663e+01
    3.003362576831843e+01
    3.009645762139022e+01
    3.015928947446202e+01
    3.022212132753381e+01
    3.028495318060561e+01
    3.034778503367740e+01
    3.041061688674920e+01
    3.047344873982100e+01
    3.053628059289279e+01
    3.059911244596459e+01
    3.066194429903639e+01
    3.072477615210818e+01
    3.078760800517998e+01
    3.085043985825177e+01
    3.091327171132357e+01
    3.097610356439536e+01
    3.103893541746716e+01
    3.110176727053895e+01
    3.116459912361075e+01
    3.122743097668254e+01
    3.129026282975434e+01
    3.135309468282614e+01
   -3.141592653589793e+01
   -3.135309468282614e+01
   -3.129026282975434e+01
   -3.122743097668254e+01
   -3.116459912361075e+01
   -3.110176727053895e+01
   -3.103893541746716e+01
   -3.097610356439536e+01
   -3.091327171132357e+01
   -3.085043985825177e+01
   -3.078760800517998e+01
   -3.072477615210818e+01
   -3.066194429903639e+01
   -3.059911244596459e+01
   -3.053628059289279e+01
   -3.047344873982100e+01
   -3.041061688674920e+01
   -3.034778503367740e+01
   -3.028495318060561e+01
   -3.022212132753381e+01
   -3.015928947446202e+01
   -3.009645762139022e+01
   -3.003362576831843e+01
   -2.997079391524663e+01
   -2.990796206217483e+01
   -2.984513020910304e+01
   -2.978229835603124e+01
   -2.971946650295945e+01
   -2.965663464988765e+01
   -2.959380279681585e+01
   -2.953097094374406e+01
   -2.946813909067226e+01
   -2.940530723760047e+01
   -2.934247538452867e+01
   -2.927964353145687e+01
   -2.921681167838508e+01
   -2.915397982531328e+01
   -2.909114797224149e+01
   -2.902831611916969e+01
   -2.896548426609790e+01
   -2.890265241302610e+01
   -2.883982055995430e+01
   -2.877698870688251e+01
   -2.871415685381071e+01
   -2.865132500073891e+01
   -2.858849314766712e+01
   -2.852566129459532e+01
   -2.846282944152353e+01
   -2.839999758845173e+01
   -2.833716573537994e+01
   -2.827433388230814e+01
   -2.821150202923635e+01
   -2.814867017616455e+01
   -2.808583832309275e+01
   -2.802300647002096e+01
   -2.796017461694916e+01
   -2.789734276387737e+01
   -2.783451091080557e+01
   -2.777167905773377e+01
   -2.770884720466198e+01
   -2.764601535159018e+01
   -2.758318349851839e+01
   -2.752035164544659e+01
   -2.745751979237479e+01
   -2.739468793930300e+01
   -2.733185608623120e+01
   -2.726902423315941e+01
   -2.720619238008761e+01
   -2.714336052701582e+01
   -2.708052867394402e+01
   -2.701769682087222e+01
   -2.695486496780043e+01
   -2.689203311472863e+01
   -2.682920126165683e+01
   -2.676636940858504e+01
   -2.670353755551324e+01
   -2.664070570244145e+01
   -2.657787384936965e+01
   -2.651504199629786e+01
   -2.645221014322606e+01
   -2.638937829015427e+01
   -2.632654643708247e+01
   -2.626371458401067e+01
   -2.620088273093888e+01
   -2.613805087786708e+01
   -2.607521902479528e+01
   -2.601238717172349e+01
   -2.594955531865169e+01
   -2.588672346557990e+01
   -2.582389161250810e+01
   -2.576105975943631e+01
   -2.569822790636451e+01
   -2.563539605329271e+01
   -2.557256420022092e+01
   -2.550973234714912e+01
   -2.544690049407733e+01
   -2.538406864100553e+01
   -2.532123678793374e+01
   -2.525840493486194e+01
   -2.519557308179014e+01
   -2.513274122871835e+01
   -2.506990937564655e+01
   -2.500707752257475e+01
   -2.494424566950296e+01
   -2.488141381643116e+01
   -2.481858196335937e+01
   -2.475575011028757e+01
   -2.469291825721578e+01
   -2.463008640414398e+01
   -2.456725455107219e+01
   -2.450442269800039e+01
   -2.444159084492859e+01
   -2.437875899185680e+01
   -2.431592713878500e+01
   -2.425309528571320e+01
   -2.419026343264141e+01
   -2.412743157956961e+01
   -2.406459972649782e+01
   -2.400176787342602e+01
   -2.393893602035423e+01
   -2.387610416728243e+01
   -2.381327231421063e+01
   -2.375044046113884e+01
   -2.368760860806704e+01
   -2.362477675499525e+01
   -2.356194490192345e+01
   -2.349911304885165e+01
   -2.343628119577986e+01
   -2.337344934270806e+01
   -2.331061748963627e+01
   -2.324778563656447e+01
   -2.318495378349267e+01
   -2.312212193042088e+01
   -2.305929007734908e+01
   -2.299645822427729e+01
   -2.293362637120549e+01
   -2.287079451813370e+01
   -2.280796266506190e+01
   -2.274513081199011e+01
   -2.268229895891831e+01
   -2.261946710584651e+01
   -2.255663525277471e+01
   -2.249380339970292e+01
   -2.243097154663112e+01
   -2.236813969355933e+01
   -2.230530784048753e+01
   -2.224247598741574e+01
   -2.217964413434394e+01
   -2.211681228127215e+01
   -2.205398042820035e+01
   -2.199114857512856e+01
   -2.192831672205676e+01
   -2.186548486898496e+01
   -2.180265301591317e+01
   -2.173982116284137e+01
   -2.167698930976957e+01
   -2.161415745669778e+01
   -2.155132560362598e+01
   -2.148849375055419e+01
   -2.142566189748239e+01
   -2.136283004441060e+01
   -2.129999819133880e+01
   -2.123716633826700e+01
   -2.117433448519521e+01
   -2.111150263212341e+01
   -2.104867077905162e+01
   -2.098583892597982e+01
   -2.092300707290802e+01
   -2.086017521983623e+01
   -2.079734336676443e+01
   -2.073451151369264e+01
   -2.067167966062084e+01
   -2.060884780754904e+01
   -2.054601595447725e+01
   -2.048318410140545e+01
   -2.042035224833366e+01
   -2.035752039526186e+01
   -2.029468854219007e+01
   -2.023185668911827e+01
   -2.016902483604648e+01
   -2.010619298297468e+01
   -2.004336112990288e+01
   -1.998052927683108e+01
   -1.991769742375929e+01
   -1.985486557068749e+01
   -1.979203371761570e+01
   -1.972920186454390e+01
   -1.966637001147211e+01
   -1.960353815840031e+01
   -1.954070630532852e+01
   -1.947787445225672e+01
   -1.941504259918492e+01
   -1.935221074611313e+01
   -1.928937889304133e+01
   -1.922654703996954e+01
   -1.916371518689774e+01
   -1.910088333382594e+01
   -1.903805148075415e+01
   -1.897521962768235e+01
   -1.891238777461056e+01
   -1.884955592153876e+01
   -1.878672406846696e+01
   -1.872389221539517e+01
   -1.866106036232337e+01
   -1.859822850925158e+01
   -1.853539665617978e+01
   -1.847256480310799e+01
   -1.840973295003619e+01
   -1.834690109696439e+01
   -1.828406924389260e+01
   -1.822123739082080e+01
   -1.815840553774900e+01
   -1.809557368467721e+01
   -1.803274183160541e+01
   -1.796990997853362e+01
   -1.790707812546182e+01
   -1.784424627239003e+01
   -1.778141441931823e+01
   -1.771858256624644e+01
   -1.765575071317464e+01
   -1.759291886010284e+01
   -1.753008700703105e+01
   -1.746725515395925e+01
   -1.740442330088745e+01
   -1.734159144781566e+01
   -1.727875959474386e+01
   -1.721592774167207e+01
   -1.715309588860027e+01
   -1.709026403552848e+01
   -1.702743218245668e+01
   -1.696460032938488e+01
   -1.690176847631309e+01
   -1.683893662324129e+01
   -1.677610477016950e+01
   -1.671327291709770e+01
   -1.665044106402591e+01
   -1.658760921095411e+01
   -1.652477735788231e+01
   -1.646194550481052e+01
   -1.639911365173872e+01
   -1.633628179866692e+01
   -1.627344994559513e+01
   -1.621061809252333e+01
   -1.614778623945154e+01
   -1.608495438637974e+01
   -1.602212253330795e+01
   -1.595929068023615e+01
   -1.589645882716435e+01
   -1.583362697409256e+01
   -1.577079512102076e+01
   -1.570796326794897e+01
   -1.564513141487717e+01
   -1.558229956180537e+01
   -1.551946770873358e+01
   -1.545663585566178e+01
   -1.539380400258999e+01
   -1.533097214951819e+01
   -1.526814029644640e+01
   -1.520530844337460e+01
   -1.514247659030280e+01
   -1.507964473723101e+01
   -1.501681288415921e+01
   -1.495398103108742e+01
   -1.489114917801562e+01
   -1.482831732494382e+01
   -1.476548547187203e+01
   -1.470265361880023e+01
   -1.463982176572844e+01
   -1.457698991265664e+01
   -1.451415805958485e+01
   -1.445132620651305e+01
   -1.438849435344125e+01
   -1.432566250036946e+01
   -1.426283064729766e+01
   -1.419999879422587e+01
   -1.413716694115407e+01
   -1.407433508808228e+01
   -1.401150323501048e+01
   -1.394867138193868e+01
   -1.388583952886689e+01
   -1.382300767579509e+01
   -1.376017582272329e+01
   -1.369734396965150e+01
   -1.363451211657970e+01
   -1.357168026350791e+01
   -1.350884841043611e+01
   -1.344601655736431e+01
   -1.338318470429252e+01
   -1.332035285122072e+01
   -1.325752099814893e+01
   -1.319468914507713e+01
   -1.313185729200534e+01
   -1.306902543893354e+01
   -1.300619358586174e+01
   -1.294336173278995e+01
   -1.288052987971815e+01
   -1.281769802664636e+01
   -1.275486617357456e+01
   -1.269203432050277e+01
   -1.262920246743097e+01
   -1.256637061435917e+01
   -1.250353876128738e+01
   -1.244070690821558e+01
   -1.237787505514379e+01
   -1.231504320207199e+01
   -1.225221134900019e+01
   -1.218937949592840e+01
   -1.212654764285660e+01
   -1.206371578978481e+01
   -1.200088393671301e+01
   -1.193805208364122e+01
   -1.187522023056942e+01
   -1.181238837749762e+01
   -1.174955652442583e+01
   -1.168672467135403e+01
   -1.162389281828224e+01
   -1.156106096521044e+01
   -1.149822911213864e+01
   -1.143539725906685e+01
   -1.137256540599505e+01
   -1.130973355292326e+01
   -1.124690169985146e+01
   -1.118406984677966e+01
   -1.112123799370787e+01
   -1.105840614063607e+01
   -1.099557428756428e+01
   -1.093274243449248e+01
   -1.086991058142068e+01
   -1.080707872834889e+01
   -1.074424687527709e+01
   -1.068141502220530e+01
   -1.061858316913350e+01
   -1.055575131606171e+01
   -1.049291946298991e+01
   -1.043008760991811e+01
   -1.036725575684632e+01
   -1.030442390377452e+01
   -1.024159205070273e+01
   -1.017876019763093e+01
   -1.011592834455914e+01
   -1.005309649148734e+01
   -9.990264638415542e+00
   -9.927432785343747e+00
   -9.864600932271951e+00
   -9.801769079200156e+00
   -9.738937226128359e+00
   -9.676105373056563e+00
   -9.613273519984768e+00
   -9.550441666912972e+00
   -9.487609813841177e+00
   -9.424777960769379e+00
   -9.361946107697584e+00
   -9.299114254625788e+00
   -9.236282401553993e+00
   -9.173450548482197e+00
   -9.110618695410400e+00
   -9.047786842338605e+00
   -8.984954989266809e+00
   -8.922123136195014e+00
   -8.859291283123218e+00
   -8.796459430051421e+00
   -8.733627576979625e+00
   -8.670795723907830e+00
   -8.607963870836034e+00
   -8.545132017764239e+00
   -8.482300164692441e+00
   -8.419468311620646e+00
   -8.356636458548850e+00
   -8.293804605477055e+00
   -8.230972752405259e+00
   -8.168140899333462e+00
   -8.105309046261667e+00
   -8.042477193189871e+00
   -7.979645340118076e+00
   -7.916813487046279e+00
   -7.853981633974484e+00
   -7.791149780902687e+00
   -7.728317927830892e+00
   -7.665486074759096e+00
   -7.602654221687300e+00
   -7.539822368615504e+00
   -7.476990515543708e+00
   -7.414158662471912e+00
   -7.351326809400117e+00
   -7.288494956328321e+00
   -7.225663103256525e+00
   -7.162831250184729e+00
   -7.099999397112933e+00
   -7.037167544041138e+00
   -6.974335690969341e+00
   -6.911503837897546e+00
   -6.848671984825749e+00
   -6.785840131753954e+00
   -6.723008278682157e+00
   -6.660176425610362e+00
   -6.597344572538566e+00
   -6.534512719466770e+00
   -6.471680866394975e+00
   -6.408849013323178e+00
   -6.346017160251383e+00
   -6.283185307179587e+00
   -6.220353454107791e+00
   -6.157521601035995e+00
   -6.094689747964199e+00
   -6.031857894892403e+00
   -5.969026041820608e+00
   -5.906194188748811e+00
   -5.843362335677016e+00
   -5.780530482605220e+00
   -5.717698629533424e+00
   -5.654866776461628e+00
   -5.592034923389832e+00
   -5.529203070318037e+00
   -5.466371217246240e+00
   -5.403539364174445e+00
   -5.340707511102649e+00
   -5.277875658030853e+00
   -5.215043804959057e+00
   -5.152211951887261e+00
   -5.089380098815465e+00
   -5.026548245743669e+00
   -4.963716392671873e+00
   -4.900884539600078e+00
   -4.838052686528282e+00
   -4.775220833456486e+00
   -4.712388980384690e+00
   -4.649557127312894e+00
   -4.586725274241099e+00
   -4.523893421169302e+00
   -4.461061568097507e+00
   -4.398229715025710e+00
   -4.335397861953915e+00
   -4.272566008882119e+00
   -4.209734155810323e+00
   -4.146902302738527e+00
   -4.084070449666731e+00
   -4.021238596594936e+00
   -3.958406743523140e+00
   -3.895574890451344e+00
   -3.832743037379548e+00
   -3.769911184307752e+00
   -3.707079331235956e+00
   -3.644247478164160e+00
   -3.581415625092364e+00
   -3.518583772020569e+00
   -3.455751918948773e+00
   -3.392920065876977e+00
   -3.330088212805181e+00
   -3.267256359733385e+00
   -3.204424506661589e+00
   -3.141592653589794e+00
   -3.078760800517998e+00
   -3.015928947446202e+00
   -2.953097094374406e+00
   -2.890265241302610e+00
   -2.827433388230814e+00
   -2.764601535159018e+00
   -2.701769682087222e+00
   -2.638937829015426e+00
   -2.576105975943630e+00
   -2.513274122871834e+00
   -2.450442269800039e+00
   -2.387610416728243e+00
   -2.324778563656447e+00
   -2.261946710584651e+00
   -2.199114857512855e+00
   -2.136283004441060e+00
   -2.073451151369264e+00
   -2.010619298297468e+00
   -1.947787445225672e+00
   -1.884955592153876e+00
   -1.822123739082080e+00
   -1.759291886010284e+00
   -1.696460032938488e+00
   -1.633628179866693e+00
   -1.570796326794897e+00
   -1.507964473723101e+00
   -1.445132620651305e+00
   -1.382300767579509e+00
   -1.319468914507713e+00
   -1.256637061435917e+00
   -1.193805208364122e+00
   -1.130973355292326e+00
   -1.068141502220530e+00
   -1.005309649148734e+00
   -9.424777960769380e-01
   -8.796459430051422e-01
   -8.168140899333463e-01
   -7.539822368615504e-01
   -6.911503837897546e-01
   -6.283185307179586e-01
   -5.654866776461628e-01
   -5.026548245743669e-01
   -4.398229715025711e-01
   -3.769911184307752e-01
   -3.141592653589793e-01
   -2.513274122871835e-01
   -1.884955592153876e-01
   -1.256637061435917e-01
   -6.283185307179587e-02
