    1.256295993529145e+02
    1.125208929131406e+02
    9.049326048854968e+01
    1.027004495379076e+02
    9.651834380210664e+01
    7.269465027529748e+01
    7.449252910807297e+01
    1.390840654414638e+02
    1.431401747739284e+02
    4.432935280914995e+01
    5.620914877112376e+01
    7.905185970352078e+01
    8.736676335451367e+01
    1.265362630546404e+02
    7.869687530609008e+01
    6.757757766224779e+01
    8.550488022485271e+01
    1.206399244505558e+02
    1.316344524695197e+02
    8.402451885633326e+01
    1.057880612239734e+02
    5.757611179771850e+01
    9.990295172154856e+01
    1.349997329201462e+02
    9.124673855530823e+01
    7.533120642837908e+01
    1.558614259821815e+02
    1.351439488956955e+02
    9.466562495673739e+01
    1.032668853466682e+02
    8.542260992017073e+01
    1.061842184204146e+02
    1.315388378090400e+02
    9.076254100437126e+01
    8.936759181138967e+01
    1.478683780619243e+02
    1.001410848964162e+02
    1.111148805176821e+02
    5.403680986643614e+01
    1.353231556837146e+02
    7.452445177331064e+01
    7.864168215005726e+01
    1.038324086941461e+02
    5.782964901184727e+01
    6.376554175319207e+01
    7.466278775253080e+01
    1.380347828601580e+02
    1.102171077249405e+02
    7.901873047164386e+01
    8.793572106922191e+01
    1.661955255915601e+02
    8.710346047999735e+01
    1.496981760197576e+02
    8.932527076029245e+01
    1.060517454750918e+02
    1.066155832284466e+02
    1.321839174343734e+02
    9.431257921391939e+01
    1.410210341141282e+02
    8.604671755962023e+01
    1.192094390045366e+02
    6.540469370327976e+01
    7.980512078942468e+01
    1.214191580452614e+02
    1.093853849944853e+02
    1.346101889045731e+02
    1.638518450112478e+02
    1.155110956104987e+02
    1.076277399732794e+02
    1.061183627074470e+02
    8.058999075029561e+01
    1.036776601020605e+02
    1.160674982231885e+02
    1.192369296520823e+02
    1.059920860389813e+02
    7.275241505699483e+01
    5.880482119800220e+01
    1.355990734277601e+02
    9.676579154711803e+01
    7.600416641534096e+01
    1.066518914099002e+02
    1.137111992253145e+02
    1.086931033846624e+02
    1.106429751259313e+02
    1.079085490011705e+02
    1.013457058657788e+02
    1.109163222689651e+02
    8.021292309993882e+01
    1.067261522518410e+02
    1.317328198505787e+02
    9.086801663407726e+01
    1.220684134933826e+02
    1.058413924723617e+02
    1.040552551995343e+02
    1.208347806792415e+02
    1.022022968736303e+02
    6.599255550615965e+01
    1.009837608377352e+02
    5.755496683974258e+01
    1.325726724688832e+02
    8.784073633701837e+01
    1.013847195248005e+02
    9.724432071716961e+01
    1.227774619702453e+02
    7.190697499161942e+01
    6.127600748616800e+01
    1.016670527115505e+02
    9.684518755892014e+01
    8.275424467164981e+01
    1.440766348973509e+02
    1.245328817547966e+02
    9.167867024305636e+01
    1.050298274405792e+02
    8.872757716535375e+01
    7.581260075121406e+01
    1.295318213905701e+02
    1.023141582640183e+02
    1.050514621062062e+02
    7.802264425596789e+01
    1.256425616257422e+02
    6.581025588127304e+01
    8.925258813700509e+01
    9.867886184785178e+01
    1.077649846881451e+02
    1.125823437746645e+02
    8.582185990175589e+01
    9.613611685810739e+01
    1.020094572783698e+02
    7.454978077628482e+01
    1.166081779250277e+02
    1.037741405863605e+02
    1.191442199515890e+02
    1.336559481803704e+02
    1.585788377535482e+02
    5.654706387653846e+01
    7.777327294060115e+01
    1.020816793546959e+02
    1.334249887098321e+02
    7.468838854672384e+01
    8.228394501914778e+01
    1.007429680608337e+02
    1.390461342689036e+02
    8.180983771519720e+01
    1.076293058196342e+02
    8.523882708160869e+01
    5.757212141070823e+01
    9.401296559507784e+01
    1.021968904958979e+02
    9.900536520589355e+01
    6.683911347791877e+01
    1.171589784726717e+02
    1.210965325806609e+02
    8.943987233156378e+01
    1.295234546457266e+02
    1.127847833537973e+02
    1.117805768779530e+02
    9.425054397218219e+01
    6.652332973334182e+01
    9.968296030581371e+01
    6.568155233027937e+01
    5.462455443301621e+01
    9.572641869736458e+01
    5.529812483596487e+01
    1.074181437821096e+02
    1.334404950808633e+02
    1.214870206522482e+02
    9.492536009358417e+01
    1.088348053699710e+02
    7.734875880082797e+01
    1.081571236833588e+02
    9.002855516120945e+01
    7.479479033440640e+01
    8.661363652174288e+01
    1.500190192012815e+02
    5.567896698580597e+01
    6.926028411456741e+01
    8.697318864749434e+01
    1.195628716646215e+02
    1.371260523013200e+02
    5.081723739334564e+01
    8.390412215150803e+01
    8.871208588484251e+01
    1.076962855298146e+02
    1.004900992211944e+02
    9.768088399610178e+01
    1.113825314676552e+02
    1.002699575422790e+02
    1.070791815665879e+02
    8.730569232614329e+01
    1.243429378587570e+02
    1.158755224838308e+02
    1.193440049680441e+02
    9.287328173930376e+01
    5.633234095456316e+01
    1.016172032072396e+02
    9.248416107927312e+01
    7.046892080970849e+01
    8.177585546380271e+01
    1.022547476823041e+02
    4.470758969444830e+01
    8.056332936340169e+01
    1.277171822692631e+02
    8.094225945690170e+01
    1.125181490094508e+02
    8.032910284347253e+01
    1.282471402568618e+02
    1.204070832564980e+02
    1.491726103805362e+02
    6.646802603680698e+01
    7.350735357489413e+01
    4.831820282359217e+01
    1.129992042439102e+02
    1.576289279805366e+02
    8.046890941027300e+01
    1.271306310645485e+02
    7.764529551414171e+01
    1.292842451228779e+02
    1.076458351109812e+02
    1.364258035103492e+02
    7.823512969990105e+01
    5.813914386478871e+01
    8.483706040522662e+01
    1.039918357229433e+02
    9.259136013541763e+01
    1.135914219078325e+02
    9.645019232410846e+01
    1.007173633176021e+02
    8.045472048159922e+01
    1.127292094281651e+02
    9.644079529314496e+01
    1.240403469293915e+02
    5.697226478697104e+01
    8.165469014091059e+01
    1.014192657192973e+02
    1.084587173806756e+02
    1.240204299047124e+02
    8.775857379189233e+01
    7.915855597241915e+01
    1.109275172270023e+02
    1.070712117621343e+02
    1.424333491118787e+02
    1.262217791057358e+02
    1.204899002764398e+02
    1.266343212239337e+02
    1.284531049188675e+02
    9.504046991576672e+01
    1.216985444305791e+02
    1.309052800448589e+02
    1.146896819004621e+02
    9.537708991359750e+01
    9.967901050744075e+01
    4.277918087142922e+01
    1.158966168667934e+02
    9.342523022454458e+01
    8.537219607014691e+01
    6.532439960626846e+01
    1.155781278821485e+02
    1.116686307818821e+02
    8.942898499805040e+01
    8.223235255922248e+01
    9.780922477316324e+01
    1.042938956007077e+02
    7.225684514137924e+01
    7.279978390409838e+01
    1.160054211959084e+02
    6.205288614939548e+01
    1.127085450767413e+02
    1.195978431695477e+02
    1.084550374422832e+02
    7.511655702274822e+01
    8.200440645750405e+01
    1.108778125393565e+02
    9.514409517826095e+01
    1.195635261487712e+02
    1.195588981530875e+02
    9.143063377720921e+01
    8.575527647422462e+01
    8.225732497433171e+01
    9.394081132833264e+01
    7.654756879596448e+01
    9.486241043012967e+01
    9.597192545987525e+01
    1.024142123584204e+02
    7.827971785191551e+01
    1.198444393695866e+02
    1.243677264815472e+02
    1.374331962379750e+02
    1.067902840262019e+02
    1.043724677793716e+02
    8.704026699249198e+01
    1.425717597750651e+02
    6.476417243998242e+01
    9.315614362379847e+01
    1.121785353311060e+02
    1.171185956637845e+02
    6.843362604109984e+01
    1.061334992245901e+02
    1.219694814032869e+02
    9.800392766553614e+01
    1.468236571159048e+02
    8.505130912198240e+01
    1.169943228406134e+02
    1.547271383260772e+02
    1.075428215141477e+02
    5.755225234607053e+01
    7.668519991182507e+01
    1.216526951085166e+02
    9.156919205288716e+01
    1.028124606967975e+02
    1.403488709860966e+02
    8.353129411206851e+01
    6.755411217573112e+01
    8.309725438806367e+01
    9.420250361341061e+01
    6.992055439977207e+01
    9.748395045287793e+01
    1.569320790309092e+02
    8.194252561958479e+01
    8.271057278479873e+01
    7.468636662750441e+01
    9.934225822498888e+01
    6.091835232567178e+01
    8.150161120091809e+01
    9.734514926264978e+01
    1.927565723821806e+02
    1.252219238957696e+02
    1.030087239751253e+02
    6.025240115221436e+01
    7.592735312820423e+01
    8.807661105440502e+01
    1.303990469209498e+02
    1.202355537985784e+02
    1.053017710099789e+02
    1.495615080456412e+02
    7.057834376626545e+01
    1.032556644518985e+02
    1.258172741085713e+02
    1.012795110453396e+02
    1.570978862149428e+02
    8.562118843111477e+01
    8.977115797175315e+01
    7.527878036236757e+01
    6.279789163162036e+01
    1.000263614581473e+02
    7.384646038011454e+01
    1.223209926247000e+02
    7.809018806086499e+01
    1.023451649054260e+02
    1.019192903055415e+02
    8.199856637422272e+01
    8.977942880969920e+01
    4.719850841551704e+01
    1.158537584967701e+02
    6.930391141528787e+01
    8.462679592597112e+01
    7.828301703823286e+01
    8.545832077025409e+01
    9.445935193282196e+01
    1.225429898734131e+02
    1.215435027839305e+02
    6.151180627909923e+01
    7.087296852268992e+01
    1.153972148207049e+02
    7.474536575749596e+01
    1.088007948967947e+02
    9.899036272844796e+01
    7.984828679628322e+01
    1.020069102974878e+02
    9.405231029654885e+01
    8.716338791316957e+01
    1.013806758229316e+02
    1.102107056860228e+02
    9.854657702978898e+01
    6.144863785302107e+01
    1.393808211949982e+02
    1.037221526502782e+02
    1.132977426057181e+02
    1.218417259963269e+02
    9.667054984104425e+01
    1.183152103325716e+02
    1.236227505582804e+02
    6.480291893282072e+01
    9.804456161106430e+01
    1.158992639842069e+02
    1.155621277701221e+02
    1.301958655699559e+02
    1.134298685983418e+02
    1.000854233951162e+02
    7.997312398561235e+01
    9.198395125472132e+01
    8.225537952924697e+01
    8.392631536302247e+01
    7.387247435952816e+01
    1.079071125772992e+02
    7.473871222278149e+01
    1.629003606282868e+02
    7.147687870755760e+01
    1.306995982081492e+02
    1.681093444236751e+02
    6.883337429156200e+01
    9.585134622786256e+01
    1.172831777846500e+02
    9.615762463439580e+01
    1.157569727998822e+02
    1.028869438494934e+02
    1.047607722814462e+02
    1.303522712752346e+02
    4.952431431670902e+01
    1.021571707057706e+02
    9.385695926588369e+01
    9.570901474197285e+01
    7.455128747436902e+01
    7.606410153689183e+01
    1.025282577994238e+02
    8.532243677980318e+01
    7.680893937933888e+01
    7.477337831738453e+01
    7.274894199173843e+01
    1.206881867799183e+02
    7.544422682202651e+01
    6.907660291778200e+01
    8.758289086101001e+01
    1.163463051356149e+02
    2.025931742177556e+02
    8.478060285208926e+01
    1.264378381473028e+02
    1.143060489740287e+02
    1.121371015851338e+02
    8.865605604737709e+01
    7.759269843933112e+01
    1.228104516709283e+02
    9.486344429678468e+01
    9.064062790837681e+01
    9.126493959579875e+01
    1.244736962230354e+02
    1.306398478336945e+02
    1.160420260731354e+02
    1.216280043802902e+02
    1.191456927921388e+02
    1.069795806751836e+02
    9.397884732805494e+01
    1.491283773226098e+02
    1.225009066676597e+02
    1.092610872093957e+02
    1.184557875643884e+02
    8.945273010881976e+01
    9.944989918358772e+01
    7.874197837334464e+01
    7.025811530391252e+01
    1.225699743805512e+02
    1.316991822439127e+02
    6.832697529232860e+01
    4.644489279534525e+01
    7.451626005927665e+01
    7.630181602325308e+01
    1.201851222191556e+02
    1.164994724053105e+02
    9.623395465839792e+01
    1.182798452714405e+02
    1.217195954505132e+02
    7.370951551661335e+01
    1.262864081338000e+02
    1.017720011937524e+02
    8.677340860642403e+01
    7.265431439566157e+01
    7.771250456443454e+01
    8.752266747297654e+01
    1.239405278961027e+02
    1.820637597181951e+02
    9.064444872222850e+01
    4.617373372360248e+01
    9.993989034726269e+01
    8.267805778974662e+01
    4.692611859829356e+01
    9.366450652682090e+01
    9.089021496969679e+01
    7.474312089139517e+01
    6.318105826578744e+01
    9.878199378962620e+01
    7.525750677451583e+01
    4.330442764673933e+01
    6.466594389724264e+01
    6.345061427746884e+01
    1.408312686208393e+02
    9.103799831239030e+01
    7.719808795105564e+01
    6.808274950734130e+01
    1.251073196427734e+02
    1.189352825571888e+02
    7.602106845000264e+01
    6.940025846198921e+01
    1.023790820872983e+02
    6.474849334288308e+01
    1.118891018158149e+02
    6.446076874958521e+01
    1.066465932924996e+02
    1.110812751770402e+02
    8.419219091639093e+01
    9.788438146523731e+01
    5.252983213187065e+01
    1.022915292000158e+02
    7.975477259378863e+01
    9.474729668987322e+01
    9.168827312922531e+01
    7.525585863349477e+01
    9.246036937104236e+01
    1.075548715435491e+02
    8.311251492615213e+01
    1.386769986031209e+02
    1.126416126258340e+02
    9.432126398512878e+01
    9.466544378861158e+01
    8.910713766300319e+01
    7.888659121737646e+01
    8.686048144421306e+01
    1.242394896755388e+02
    1.128772496675242e+02
    8.537807220780905e+01
    1.004452421952055e+02
    1.297846709980047e+02
    1.313997191780800e+02
    1.320707989303605e+02
    1.055051122401494e+02
    1.281712030225503e+02
    8.862759754539411e+01
    7.337395248710209e+01
    1.356639496036280e+02
    1.000052348092061e+02
    1.060993225924335e+02
    1.362808919710574e+02
    1.063990662705919e+02
    1.323242422305611e+02
    8.916995794671266e+01
    1.323243032912285e+02
    8.333628305490720e+01
    8.287801817063041e+01
    1.137203845819806e+02
    9.617881293484402e+01
    1.075511806624218e+02
    1.294076541318657e+02
    1.230508448926196e+02
    8.439712905971533e+01
    9.507180556063076e+01
    1.303419119299542e+02
    1.172957072036877e+02
    1.405649773413506e+02
    1.161188522962993e+02
    6.573500607336200e+01
    8.170375651020095e+01
    1.064678881472071e+02
    1.048006599996199e+02
    8.433803185112083e+01
    1.259584022124886e+02
    1.366958698859696e+02
    8.188498763986559e+01
    1.583675128990524e+02
    1.071547374471436e+02
    1.010393571309555e+02
    9.179435755504869e+01
    8.032269759904352e+01
    7.574823127912509e+01
    9.904879261352221e+01
    1.166480088319997e+02
    6.160681692414073e+01
    8.536663683014012e+01
    1.092340461452454e+02
    1.500915800351981e+02
    6.400034552765305e+01
    6.757149838809141e+01
    9.630042409576390e+01
    1.136635403324522e+02
    9.070582557448461e+01
    4.653314239601855e+01
    1.240195285710092e+02
    1.392084507218635e+02
    7.685000899018746e+01
    1.083063601611082e+02
    6.431970140376620e+01
    1.152931357072976e+02
    7.105522309949947e+01
    9.302986664585319e+01
    1.175450347638275e+02
    1.087966362443672e+02
    6.941946489607176e+01
    1.324958594676605e+02
    8.891536036440925e+01
    8.222582927366716e+01
    1.027869673037696e+02
    8.129467801913165e+01
    8.073575965622581e+01
    9.280700367593795e+01
    1.855641502131004e+02
    1.443052941622580e+02
    8.690287773893715e+01
    9.551102806139056e+01
    1.296174406920522e+02
    1.151132983060882e+02
    1.423575267120577e+02
    9.457722392589744e+01
    1.092190003762039e+02
    1.440578081212209e+02
    1.685874229080059e+02
    9.821805722817885e+01
    7.244124852703521e+01
    1.293401839915612e+02
    8.706696585619170e+01
    1.592093635451704e+02
    1.002075852558198e+02
    9.866694524997001e+01
    1.266835430085894e+02
    6.782052497848667e+01
    6.060252039485817e+01
    1.015511083295053e+02
    1.182631401470837e+02
    1.380314419401623e+02
    1.333407566191238e+02
    1.460711759254798e+02
    1.043097118744356e+02
    9.718406847057508e+01
    8.064985715181251e+01
    1.806220147100078e+02
    1.131045211891706e+02
    6.289150617182372e+01
    8.754891576713021e+01
    9.354829532572353e+01
    1.280193465411844e+02
    8.436810333935455e+01
    6.884194452504062e+01
    1.306116467025436e+02
    1.085623243954285e+02
    7.720483334564392e+01
    1.438676770734935e+02
    1.551389077426040e+02
    8.974677795816319e+01
    1.274053976436915e+02
    7.418821058161825e+01
    1.105252517096528e+02
    9.029517472088742e+01
    1.160715455274806e+02
    8.273705804554311e+01
    1.118368679938214e+02
    6.551732186346158e+01
    1.039884281463628e+02
    1.018526791154682e+02
    9.894839543665967e+01
    1.016063079997639e+02
    9.361515758993960e+01
    9.241487826509456e+01
    1.031360552120748e+02
    9.142071147607908e+01
    6.630050506202679e+01
    1.003407065445083e+02
    1.274262970246002e+02
    1.119325970396972e+02
    1.674055282392783e+02
    9.389225988697262e+01
    1.098821602401847e+02
    9.583953078578702e+01
    1.216916349295514e+02
    1.541739219705153e+02
    1.360268592744694e+02
    1.033771252583813e+02
    8.216994748603042e+01
    6.794288457142102e+01
    8.870978945602246e+01
    7.950464949280331e+01
    9.393961369734029e+01
    8.772789734650246e+01
    1.012862972483219e+02
    1.079505810343267e+02
    9.360681158943635e+01
    8.992811946453457e+01
    5.839161758738669e+01
    1.002730180037656e+02
    1.548102619304825e+02
    1.196328479646479e+02
    9.356080914799236e+01
    9.527923626001666e+01
    1.539178304757695e+02
    9.447887460248808e+01
    8.960535575942004e+01
    1.237684168014869e+02
    1.343779164055343e+02
    9.572510363728497e+01
    1.700522950323148e+02
    8.294774381306183e+01
    7.605172597686533e+01
    1.145164059532635e+02
    9.170375488514310e+01
    1.112114562491740e+02
    8.360467265096190e+01
    1.011691746183203e+02
    9.918204703094148e+01
    9.268219430306885e+01
    1.054309908602227e+02
    1.010127500376495e+02
    6.867302477664111e+01
    7.709970289134617e+01
    1.018359225901588e+02
    1.238157624999610e+02
    8.919663018345204e+01
    1.182608501564857e+02
    7.928737131928642e+01
    7.588213483189065e+01
    8.560461655779022e+01
    7.257407248531194e+01
    9.156491539989361e+01
    8.675578943973505e+01
    1.005189834889018e+02
    5.997314388590894e+01
    8.649685239941732e+01
    5.740172167561354e+01
    9.291273604274352e+01
    8.774947501100996e+01
    4.613382568521047e+01
    1.197628100437817e+02
    8.138890851766860e+01
    9.779063649025375e+01
    1.050387652751681e+02
    1.021735538987593e+02
    1.044912963778336e+02
    9.945425825307893e+01
    8.512131767377014e+01
    1.049831802173321e+02
    8.373084435925989e+01
    1.332233088838541e+02
    1.097585514523144e+02
    1.350336849435803e+02
    8.733085801856532e+01
    8.780482963154441e+01
    1.323910074289029e+02
    1.332066448939554e+02
    7.986750969530362e+01
    1.222665673091819e+02
    6.287548664818132e+01
    1.083575242884422e+02
    1.345711924322177e+02
    1.218696376217940e+02
    8.635225658901390e+01
    1.363590982834080e+02
    1.190291041890157e+02
    7.851587847345968e+01
    1.082285124937471e+02
    1.105595710300918e+02
    1.042676533721760e+02
    1.137732645311110e+02
    1.172321626059795e+02
    1.328086295793310e+02
    7.591470074567042e+01
    1.072749390616832e+02
    1.470871858986357e+02
    1.286976017066695e+02
    1.087238454858232e+02
    7.462908252928401e+01
    7.339148473758428e+01
    1.235558650472967e+02
    9.617484217591141e+01
    1.881308265644600e+02
    8.819185821063684e+01
    9.728117360186502e+01
    1.145307724804911e+02
    8.295292128137930e+01
    8.264381362561153e+01
    1.078848054738012e+02
    9.019156347862122e+01
    1.240665848818253e+02
    1.398429003386752e+02
    9.122379528520128e+01
    1.136590207909626e+02
    6.425215953132124e+01
    1.100190031249122e+02
    6.649506905360909e+01
    9.351670700729869e+01
    8.556618438143232e+01
    1.509000854738781e+02
    6.515993598066075e+01
    1.009175583687681e+02
    9.951743958283487e+01
    1.151077491077740e+02
    1.291481484746930e+02
    9.192534970268412e+01
    1.249447845578618e+02
    1.684969783566100e+02
    1.014683077554730e+02
    1.140466730776382e+02
    9.435277954776552e+01
    1.204678671986346e+02
    7.817556915448336e+01
    1.624981111389025e+02
    7.887221215678778e+01
    1.482591525379576e+02
    7.843470336379937e+01
    9.549575804788788e+01
    1.467294287437801e+02
    7.082931922615330e+01
    8.722637023969014e+01
    1.317727164473501e+02
    7.406533027059822e+01
    1.140323086556748e+02
    1.294787590291810e+02
    1.271743231701760e+02
    6.331926522660751e+01
    8.804607732369846e+01
    1.239627298287678e+02
    9.085108483671775e+01
    1.024307870994608e+02
    1.018419551438262e+02
    1.321600577971822e+02
    7.988595288850092e+01
    7.972643556174603e+01
    1.071809928938251e+02
    5.381180798358855e+01
    1.303562689786361e+02
    4.747599571118144e+01
    8.150496272299733e+01
    1.232216451886563e+02
    6.737206704183677e+01
    1.145056434833396e+02
    8.958620726137383e+01
    1.264775722036256e+02
    6.984302053521446e+01
    6.013021909602116e+01
    1.067975231146113e+02
    1.156020637670326e+02
    1.512530081530167e+02
    1.029983925441911e+02
    7.760684176312225e+01
    8.198223951775617e+01
    1.016669651588063e+02
    1.056074453851920e+02
    1.261031046994856e+02
    1.405879464496002e+02
    1.173413945959646e+02
    1.108732310497726e+02
    8.289013274503304e+01
    9.777349524683245e+01
    9.337219932565972e+01
    7.222286725236586e+01
    1.312748200655176e+02
    9.521813469368226e+01
    1.381209244758293e+02
    1.195302501628760e+02
    4.553080264004166e+01
    1.330040195604408e+02
    9.012822368757725e+01
    5.898161508988778e+01
    6.015834797596995e+01
    1.066719966357152e+02
    1.294101624978725e+02
    7.579657487484837e+01
    7.696857558153283e+01
    1.121523621165034e+02
    1.015505548841577e+02
    1.255437439660443e+02
    7.039872169006799e+01
    1.157197495345292e+02
    1.219716567241926e+02
    9.420622003662174e+01
    1.514572511074527e+02
    9.837207780971198e+01
    9.627024366017849e+01
    8.422606548437557e+01
    1.231976010972323e+02
    6.920056889794409e+01
    6.735361081278143e+01
    9.095221343465255e+01
    1.095936317486519e+02
    8.214598997196276e+01
    6.402346458485908e+01
    1.254859248811886e+02
    6.850339639574941e+01
    9.290198092519631e+01
    1.064729336095093e+02
    8.485758119063576e+01
    1.115251030218246e+02
    1.103754873025741e+02
    1.208405591962810e+02
    1.299750457865650e+02
    7.775922163433961e+01
    7.954224257760984e+01
    1.207755839676668e+02
    1.220957725928736e+02
    1.178755713788325e+02
    6.757632580527002e+01
    1.242322479287259e+02
    1.027634324957228e+02
    9.660615623180774e+01
    1.100547898436093e+02
    8.141401084400741e+01
    6.986701823473368e+01
    9.251585058607930e+01
    1.078414471529197e+02
    1.142162497720312e+02
    1.013294838852289e+02
    1.042279064155946e+02
    9.198532358914349e+01
    1.004766985548702e+02
    1.197497581664834e+02
    7.203922628602868e+01
    9.990768209631483e+01
    1.402921056076946e+02
    1.250897868734330e+02
    1.168859344443422e+02
    2.319615927301936e+02
    4.571629311964671e+01
    1.190115383853129e+02
    8.741036329415351e+01
    1.141056348460961e+02
    1.170124381323365e+02
    6.801242949032940e+01
    1.367674585820509e+02
    1.244258622038217e+02
    1.148598402304879e+02
    7.960724152102898e+01
    1.032415763875395e+02
    8.056272159162063e+01
    1.171589587555900e+02
    9.920474738230951e+01
    8.866483709524232e+01
    4.939417866049212e+01
    1.116873789593876e+02
    6.297022023485169e+01
    9.657663645633079e+01
    9.727579252331907e+01
    9.949927290745222e+01
    8.220573182656722e+01
    9.646906835978825e+01
    1.062799051677143e+02
    9.225076380784003e+01
    6.900121189126025e+01
    1.014050830609983e+02
    9.088373049622987e+01
    1.299412147462237e+02
    1.177200571574849e+02
    1.058506315788213e+02
    1.110422711538376e+02
    8.885921549830528e+01
    1.131352681371584e+02
    1.322229891309485e+02
    9.412082602255623e+01
    1.195168966433494e+02
    1.149321501022871e+02
    6.250661372822151e+01
    6.514395994688243e+01
    9.367860875995916e+01
    1.183197188070062e+02
    7.615033824862167e+01
    7.311653310355837e+01
    1.251089356993998e+02
    1.707693036987303e+02
    6.016409915042686e+01
    1.463385566768204e+02
    1.177051432280030e+02
    8.654218399672345e+01
    4.812250738802618e+01
    8.824966731046516e+01
    9.962175564373069e+01
    9.230103031363569e+01
    1.124321432135696e+02
    1.305066822008757e+02
    1.295669624133166e+02
    6.664144903562260e+01
    1.316495752964579e+02
    1.019702532931706e+02
    7.309765676215193e+01
    8.915322466581870e+01
    1.063824063814241e+02
    7.204896038214088e+01
    1.118198365191404e+02
    9.783052574631824e+01
    1.167506843591195e+02
    7.603847532574150e+01
    6.747161429489552e+01
    8.863956655379184e+01
    6.989286766697205e+01
    1.108623763095841e+02
    6.541067006538242e+01
    1.112459580767620e+02
    6.962561168246111e+01
    1.367225077914384e+02
    7.481840099849364e+01
    8.831590442624702e+01
    7.697256964567146e+01
    9.403484663452559e+01
    8.179129644237264e+01
    1.338760548905077e+02
    1.327427940040059e+02
    1.220191525101063e+02
    8.838598756166562e+01
    1.022780829106864e+02
    7.442649381997398e+01
    1.032865335345309e+02
    9.846547899319944e+01
    1.182839407643041e+02
    6.871058230710105e+01
    8.949608416835645e+01
    8.155783141581992e+01
    8.998590873129388e+01
    9.732270742185847e+01
    1.166119720163704e+02
