    1.024012273840600e+02
    1.587039242633332e+02
    5.484551895130941e+01
    9.254671229803878e+01
    7.367379067718613e+01
    9.914843402953902e+01
    9.168644119455165e+01
    1.166128146931339e+02
    9.993983249711549e+01
    9.395197757558320e+01
    1.135948940942991e+02
    1.209675292726007e+02
    7.170892492115168e+01
    6.643451393904031e+01
    1.037643819077013e+02
    1.113215494849256e+02
    1.355912124851464e+02
    4.683510281815135e+01
    1.142771654724152e+02
    9.038653976090899e+01
    7.676035053802141e+01
    5.893544675137608e+01
    4.358721421314115e+01
    6.242199871873868e+01
    1.167357689035525e+02
    1.499924669168670e+02
    9.389491781343268e+01
    1.239688583327829e+02
    9.380090954392725e+01
    1.093614368699166e+02
    1.223115679861884e+02
    1.250766232324968e+02
    9.021437856543791e+01
    1.010551171563701e+02
    7.075411622978024e+01
    1.206489390220778e+02
    7.654281059866328e+01
    6.511248974371966e+01
    8.286459549221362e+01
    7.656908857387634e+01
    7.388061586381710e+01
    1.112114065590099e+02
    6.396750422747175e+01
    7.322301419492383e+01
    1.059462226063159e+02
    8.771424175377739e+01
    1.372794515623869e+02
    1.405698549262559e+02
    6.183999439629638e+01
    1.034232634637856e+02
    5.967485153355888e+01
    9.697399782834793e+01
    8.568117617676670e+01
    6.133003391592254e+01
    1.553967626271697e+02
    9.335779230701412e+01
    9.514282677705090e+01
    1.583580777421002e+02
    6.475791120942681e+01
    9.423133042251251e+01
    7.694187754234477e+01
    5.892297814890235e+01
    9.173461701179477e+01
    9.876749184369906e+01
    1.048092942171085e+02
    1.084172273744127e+02
    9.791425117739863e+01
    1.238322303810951e+02
    9.283915711223642e+01
    1.051263378605684e+02
    1.619806018870598e+02
    9.241015539773429e+01
    6.737405147394128e+01
    1.097272810551145e+02
    8.384801375318574e+01
    1.199569068981964e+02
    7.815009729932797e+01
    7.239040279110881e+01
    9.293650983921495e+01
    9.253840523527273e+01
    1.071463295310699e+02
    1.094481930051198e+02
    1.298601539346097e+02
    7.267540354836058e+01
    1.152900113158329e+02
    7.848340320182871e+01
    1.080187340444719e+02
    9.367946327478521e+01
    7.460710347395704e+01
    9.619732213171318e+01
    6.770718944926486e+01
    1.353935745383374e+02
    9.163888258408946e+01
    1.035316594840847e+02
    1.030709076536650e+02
    9.403451861242260e+01
    1.304271654234610e+02
    1.102225119643890e+02
    8.414265888643811e+01
    1.126583637174693e+02
    8.121032140139789e+01
    1.048752564969276e+02
    1.078553475005597e+02
    7.955169140255890e+01
    1.087945828309523e+02
    9.024613250001423e+01
    1.604757362791919e+02
    5.328691853323789e+01
    1.258431982229004e+02
    1.071619663677588e+02
    1.099630729971481e+02
    8.779812768695251e+01
    6.947921730860685e+01
    7.398165389886898e+01
    6.055483111717834e+01
    1.041345295685605e+02
    7.380111154627997e+01
    1.274297700855463e+02
    1.143558290415845e+02
    9.692551984463634e+01
    8.427950460332823e+01
    1.173399396857660e+02
    1.609815655104148e+02
    1.086448747001361e+02
    8.094236229040689e+01
    8.507764683732688e+01
    1.321596017260083e+02
    1.349751969031693e+02
    8.013589623074637e+01
    1.360340333557855e+02
    8.561102556467659e+01
    8.486993337316335e+01
    8.359121507414073e+01
    1.302926995868188e+02
    1.406670524463641e+02
    7.802369343366365e+01
    9.497307429852441e+01
    9.881367045383371e+01
    9.772020129080715e+01
    7.606565448088986e+01
    9.046209376668514e+01
    1.158397237684903e+02
    6.743418973337469e+01
    7.729749427997632e+01
    8.670631249541486e+01
    9.219765005939763e+01
    9.873911581515785e+01
    1.188801103061488e+02
    1.070158466636795e+02
    6.060664311263537e+01
    5.343096803019137e+01
    1.428908617046253e+02
    1.280383525893797e+02
    8.780496765331492e+01
    1.124037792974306e+02
    1.582349283806710e+02
    1.591623385814199e+02
    9.980891311624532e+01
    1.367135197328091e+02
    9.699383623361598e+01
    6.969425491760774e+01
    6.869791323447799e+01
    1.052524841351280e+02
    7.827118981474371e+01
    8.213725610985279e+01
    1.462570870340784e+02
    1.155056626230518e+02
    3.990134410264943e+01
    1.432354254808877e+02
    1.270954769683198e+02
    1.037010089189607e+02
    1.163501475038927e+02
    8.981197567605619e+01
    1.372271471196751e+02
    6.206403963896605e+01
    8.622632533599898e+01
    1.398793752236634e+02
    9.473911768214407e+01
    9.083648433325720e+01
    8.575952671761684e+01
    6.996814679539312e+01
    8.672202887684790e+01
    9.955528608331718e+01
    8.552564460757623e+01
    1.506140822605244e+02
    1.475835520027667e+02
    7.510020519632661e+01
    6.269799167949429e+01
    1.181119586869579e+02
    6.972161311255235e+01
    1.058875702694525e+02
    7.642004720327179e+01
    9.567605711695677e+01
    8.037699241408546e+01
    9.106422985494618e+01
    9.858301930447141e+01
    9.187632581664076e+01
    8.568926532456032e+01
    1.080090191806480e+02
    8.520783575313146e+01
    1.392920034248561e+02
    1.167658968764596e+02
    1.063389836922261e+02
    2.036754153649269e+02
    1.220291110243852e+02
    1.188975892646519e+02
    1.136213658706279e+02
    8.415472179594076e+01
    6.311717257499339e+01
    1.503115940156525e+02
    7.084242873605291e+01
    8.436923341934715e+01
    8.679332149575231e+01
    1.012216910909405e+02
    1.150654881568963e+02
    5.578793202498872e+01
    6.623076178701211e+01
    1.303670372847256e+02
    1.778654523600230e+02
    1.133357342165851e+02
    9.206705369529516e+01
    7.761564052112107e+01
    8.560921939555897e+01
    1.490815936014417e+02
    1.334334177815683e+02
    1.318762596161875e+02
    1.219216224293169e+02
    1.216141774684652e+02
    1.000867968244202e+02
    9.089408691099351e+01
    4.508750807410763e+01
    9.763408976062323e+01
    1.173323128776647e+02
    1.412611486533555e+02
    1.115652615175344e+02
    8.791019413820692e+01
    1.208267553440885e+02
    9.349915878789687e+01
    8.684525028187778e+01
    6.218364538261397e+01
    7.816619303538829e+01
    9.832425495200340e+01
    9.661476179981406e+01
    1.222619015516742e+02
    1.133501381523416e+02
    5.480980425419204e+01
    1.042121504425126e+02
    9.852339245034386e+01
    9.604738757571511e+01
    7.878258226091816e+01
    1.106355213901685e+02
    9.242136145095799e+01
    8.593997379228398e+01
    1.329280930789770e+02
    9.697718573509292e+01
    9.574210419471456e+01
    1.226154016452858e+02
    8.458019617874243e+01
    1.333942386703637e+02
    1.114405534543971e+02
    1.306501910752684e+02
    1.001584192290352e+02
    3.689467801027263e+01
    9.857462517829845e+01
    7.651803606339456e+01
    1.237378289172500e+02
    1.722821925414337e+02
    5.692773827366409e+01
    7.250126344168223e+01
    1.009785869351612e+02
    1.005601310950550e+02
    7.469334171430035e+01
    5.534911322325797e+01
    1.546829188695011e+02
    9.151604305863714e+01
    1.187587023433821e+02
    7.900227551233002e+01
    1.153198965179780e+02
    9.996836568923413e+01
    7.078492813662194e+01
    9.274766305278149e+01
    7.620322508879894e+01
    8.090991054395431e+01
    8.542435397553504e+01
    9.035990268261060e+01
    1.326932632171020e+02
    8.297970579024195e+01
    1.422334420514278e+02
    5.879092070200898e+01
    8.447407338968731e+01
    7.482764522502009e+01
    1.383188280148840e+02
    3.769586640040131e+01
    1.642983839690379e+02
    1.033051301583345e+02
    4.728631935482781e+01
    1.253445103750789e+02
    9.198819326444948e+01
    1.472265184322123e+02
    1.209543062790141e+02
    7.464775755214475e+01
    9.264262818294185e+01
    9.472933561445700e+01
    5.221858652556534e+01
    8.745960907196036e+01
    1.106511673888150e+02
    8.741434854815225e+01
    7.606619415152068e+01
    1.093639386693548e+02
    1.203293427636817e+02
    1.303902712763022e+02
    1.116893572386169e+02
    1.366162990583388e+02
    9.273811604256707e+01
    9.449057314381889e+01
    7.108337449461487e+01
    7.935569983005564e+01
    1.019055398124897e+02
    8.214871960676135e+01
    1.020178528076656e+02
    7.221844629339046e+01
    8.997915737327787e+01
    7.153333123616960e+01
    1.203228944269279e+02
    9.861417874829442e+01
    1.035454120184409e+02
    7.730082488858613e+01
    1.350711097470764e+02
    7.110005000614819e+01
    9.111241031508200e+01
    9.657077468298382e+01
    5.775310902589524e+01
    1.088654869440950e+02
    1.335333911421037e+02
    7.723689075014136e+01
    8.091780480779278e+01
    1.241502806372722e+02
    1.272684720896638e+02
    1.256829881289582e+02
    8.108960688661057e+01
    1.110164684192483e+02
    6.266937189164139e+01
    8.375241893663940e+01
    1.203540952622700e+02
    8.242335390295011e+01
    1.321838783103806e+02
    1.021329998736167e+02
    5.268205783079509e+01
    1.083776045845667e+02
    1.084761584780409e+02
    1.347631247356230e+02
    1.070888785654438e+02
    9.326651421541101e+01
    5.152704321132262e+01
    1.140436146435064e+02
    1.037276643209844e+02
    1.201613622313602e+02
    9.418870462280211e+01
    1.208986100755652e+02
    7.741230019804846e+01
    1.811268379390145e+02
    9.755765748416991e+01
    1.273216638441403e+02
    7.378965066477747e+01
    1.060511818485236e+02
    1.424968631943244e+02
    8.602440473108118e+01
    1.135972822360640e+02
    1.154842152281225e+02
    6.255628585493355e+01
    1.088711296915790e+02
    1.467754646037230e+02
    1.686765175695234e+02
    1.045332994756063e+02
    8.393474038336592e+01
    1.164442128903551e+02
    1.049287081171957e+02
    1.118599058354670e+02
    5.587165613679304e+01
    6.394779788510903e+01
    1.098128574946730e+02
    1.202155258845391e+02
    9.768811699970115e+01
    7.597070462505712e+01
    9.766118065032117e+01
    7.168970982639053e+01
    1.173495815006589e+02
    1.533952267386451e+02
    7.805104683676916e+01
    1.263832384848365e+02
    7.936436900946660e+01
    8.404160990848425e+01
    5.842822739913458e+01
    9.296522629838307e+01
    1.014483066096835e+02
    9.489295275099892e+01
    1.420197911682533e+02
    7.586515839719596e+01
    1.058231333791218e+02
    9.330652982035303e+01
    8.876104317462250e+01
    7.340188707692107e+01
    9.172907191376339e+01
    3.922838968682754e+01
    1.010707298614358e+02
    4.573632599571852e+01
    1.022960512871737e+02
    1.146338309826149e+02
    9.382803923807728e+01
    1.166044825319869e+02
    8.095129763143632e+01
    1.001476829280284e+02
    6.874518398501209e+01
    6.567156787779084e+01
    8.627511462440452e+01
    9.705236742855902e+01
    9.605249269127285e+01
    9.229476759180784e+01
    1.378796698196231e+02
    8.838142288581082e+01
    1.192729416331792e+02
    1.018816559519803e+02
    1.275476020574456e+02
    1.005998067552343e+02
    1.486601835791527e+02
    1.352452284248579e+02
    9.227553383546251e+01
    8.776696753065380e+01
    6.521236062930257e+01
    1.183793966077906e+02
    9.376823658515661e+01
    1.057765347846862e+02
    9.974201429779441e+01
    1.034676002101151e+02
    7.461640332910008e+01
    5.017039856322469e+01
    8.829690774212963e+01
    1.618086076145210e+02
    1.394013809977258e+02
    9.444609309669829e+01
    8.137526979686129e+01
    1.588503455724452e+02
    1.004340906525874e+02
    1.002079164727206e+02
    8.795073270895159e+01
    7.152256363546030e+01
    9.025773229210756e+01
    5.347952827121617e+01
    1.225520705308855e+02
    1.080054566914328e+02
    8.935066017927568e+01
    6.904675170216819e+01
    1.139318351023570e+02
    1.079114532973546e+02
    7.781083413683405e+01
    8.948931190844462e+01
    1.300930835765053e+02
    1.159954153632611e+02
    9.608906951006873e+01
    1.088145955779282e+02
    1.174540013904380e+02
    1.043964100618444e+02
    8.469477157431186e+01
    1.165736386666617e+02
    1.098022295902268e+02
    6.484850416833808e+01
    9.878402689005441e+01
    7.230412732143407e+01
    1.016897863515231e+02
    1.007099047423947e+02
    1.197720533158036e+02
    8.834438985932195e+01
    1.345898513068573e+02
    9.059624607748503e+01
    1.212560530023887e+02
    1.036086739383677e+02
    7.348723196660501e+01
    5.924753993371723e+01
    6.228588025264628e+01
    9.333651660600026e+01
    6.836077949617220e+01
    7.618676200037669e+01
    1.106490021388242e+02
    6.542816894452187e+01
    7.476362307331840e+01
    8.243162260438453e+01
    7.268363655681242e+01
    1.288263984585137e+02
    9.307339606153221e+01
    1.044941941469062e+02
    1.174190470578799e+02
    8.669418897649336e+01
    6.411826152655919e+01
    1.245218479248894e+02
    1.123023868899116e+02
    9.082845261279260e+01
    1.023260677718213e+02
    1.070122488823239e+02
    6.971901681014799e+01
    1.152234070505529e+02
    7.661548095387104e+01
    7.789345806717506e+01
    1.344918194296230e+02
    5.841807945178005e+01
    1.106895117330868e+02
    1.025456246423045e+02
    7.738561296012449e+01
    1.197445560846160e+02
    7.721450390503605e+01
    7.337193986778288e+01
    1.146018513746361e+02
    1.411440266852850e+02
    1.017797570474158e+02
    8.549945500750027e+01
    8.752514041808354e+01
    8.360340713169649e+01
    6.517636057563323e+01
    9.315381605916969e+01
    1.243600891812969e+02
    9.115139242498913e+01
    9.142089321024059e+01
    1.386761558033197e+02
    5.055719754489587e+01
    1.162555932767498e+02
    7.407820580520024e+01
    1.475916777962414e+02
    1.347014883012059e+02
    9.650819336457744e+01
    1.071293130248159e+02
    1.949539152944180e+02
    8.790594760372755e+01
    1.218397027882327e+02
    1.624212695100482e+02
    1.039954458987302e+02
    1.047892866560380e+02
    9.692905040342566e+01
    1.147745761575504e+02
    1.166572646483951e+02
    1.385975998557842e+02
    1.071494654070318e+02
    1.004770869580796e+02
    6.865777137273426e+01
    1.722625866880503e+02
    1.510419750040558e+02
    9.065566394291977e+01
    7.731861104074937e+01
    7.418420352852536e+01
    6.855289800414312e+01
    1.063387779775553e+02
    5.857044930364054e+01
    1.111818620981478e+02
    1.033272941439293e+02
    1.394381844058569e+02
    7.626792310986161e+01
    5.134922993752184e+01
    8.563319661073137e+01
    8.083427949133238e+01
    6.240426175354173e+01
    1.234508852945339e+02
    1.118731814249816e+02
    8.008236269629720e+01
    1.040691049369195e+02
    7.863611631748427e+01
    1.300851657625526e+02
    1.281735617357265e+02
    7.553676286762993e+01
    1.145160142994268e+02
    9.848375724452353e+01
    9.945720664833971e+01
    8.004131052891239e+01
    1.758417821094997e+02
    6.916901947489123e+01
    1.034283359405288e+02
    9.321332810208787e+01
    6.804065497572765e+01
    1.373583885481537e+02
    1.058009724881799e+02
    9.537397492494506e+01
    1.005663622916768e+02
    1.336717577973968e+02
    1.041090906374018e+02
    6.550867913843263e+01
    9.104110155182411e+01
    1.512375974879717e+02
    5.966857887983565e+01
    1.199168671072027e+02
    9.998043361090595e+01
    9.928023199284894e+01
    7.913623915523317e+01
    6.538981535061453e+01
    1.229263749186009e+02
    8.042708057445566e+01
    8.103397748866428e+01
    1.000559580539857e+02
    7.101799142796949e+01
    8.285178157754899e+01
    1.119164415318210e+02
    6.028254425037176e+01
    7.502631707220871e+01
    1.005823138323456e+02
    1.462168407442471e+02
    1.093400397769085e+02
    1.185431561234259e+02
    8.127296894984170e+01
    9.810922259398353e+01
    9.407974470293652e+01
    9.989109346700957e+01
    8.862511325140304e+01
    5.409283190778865e+01
    9.098715968257125e+01
    7.957911043752461e+01
    1.204466480480301e+02
    8.856574504075752e+01
    1.071940884298931e+02
    6.794873782929130e+01
    1.194801617417988e+02
    1.160790861916735e+02
    1.006732397974122e+02
    1.067158276623331e+02
    1.369749458848719e+02
    8.165148516738213e+01
    9.041371261717472e+01
    1.390279626573590e+02
    9.760876906032536e+01
    1.146324083816239e+02
    4.125303951626847e+01
    5.640214799765658e+01
    1.049969656837300e+02
    9.553163203843724e+01
    8.256584484637415e+01
    1.286599238058261e+02
    1.118227257716239e+02
    7.008709078977631e+01
    1.079873750537342e+02
    1.239775847440001e+02
    1.686980606844315e+02
    1.077944729033902e+02
    1.267572788686880e+02
    9.801909696101234e+01
    1.137284180148606e+02
    1.344147609215531e+02
    7.642867015221441e+01
    8.754155325635224e+01
    8.567571850944205e+01
    6.119252653368335e+01
    1.207085320827900e+02
    9.250349419206827e+01
    9.259272390157093e+01
    8.791023901391100e+01
    9.102271850573402e+01
    1.025166116289972e+02
    1.308334468141220e+02
    8.580754138459838e+01
    7.842608803812368e+01
    1.346055912533211e+02
    5.138586035738399e+01
    5.613010753808339e+01
    9.507940384191329e+01
    5.828530907275876e+01
    9.408671200637059e+01
    1.057066052053540e+02
    9.263359764980919e+01
    9.845758321208450e+01
    1.521750771773156e+02
    1.207960698859085e+02
    9.786623473046006e+01
    9.477993836928022e+01
    1.065998967987321e+02
    6.664615988257651e+01
    6.483613865378516e+01
    1.565500134289698e+02
    6.631006768323800e+01
    4.942634586026202e+01
    8.813213152403478e+01
    9.903491418584167e+01
    1.283942397004137e+02
    1.816274842316000e+02
    1.325321341128119e+02
    1.222835393602077e+02
    9.761597806713553e+01
    9.866331730820320e+01
    7.284662778294319e+01
    8.249701157839581e+01
    7.315892385732241e+01
    9.265925281450336e+01
    5.008479169944962e+01
    9.223502880701744e+01
    1.294196489280989e+02
    9.085503331018458e+01
    8.294285914272336e+01
    1.062342388788170e+02
    7.217879025007051e+01
    8.178192164730149e+01
    6.673704057249552e+01
    1.377300402333833e+02
    7.937489962489053e+01
    1.272038895264257e+02
    1.413402799721837e+02
    9.611494696579598e+01
    1.087028667120148e+02
    4.564133525381294e+01
    1.044103838391891e+02
    1.059591638922859e+02
    1.064411206428224e+02
    5.931294275948630e+01
    9.124053049231748e+01
    1.089370030128225e+02
    6.508226099888134e+01
    9.749648299242722e+01
    9.196922078916145e+01
    7.877224934438004e+01
    1.248717939225298e+02
    7.192708658232618e+01
    1.002193784850272e+02
    8.852142413163733e+01
    1.099788123840926e+02
    9.054037111210732e+01
    9.283261756140860e+01
    7.595474934239064e+01
    9.995592524213407e+01
    1.021610751495689e+02
    3.904958380829498e+01
    7.030630775137070e+01
    1.003417749504229e+02
    9.626098518824278e+01
    7.842586431441759e+01
    7.458707834281540e+01
    4.891242372401280e+01
    9.986354187327379e+01
    8.246460589511003e+01
    1.359903074031115e+02
    1.163766208950437e+02
    5.943672318430117e+01
    1.061183902523510e+02
    1.028587376665348e+02
    5.810566011096626e+01
    1.079171236425702e+02
    1.428330194063017e+02
    1.044700074751086e+02
    1.293046911965712e+02
    1.084773605106841e+02
    1.229812105492204e+02
    9.531035013653081e+01
    8.518229132529314e+01
    1.109394813833615e+02
    1.620459395400349e+02
    9.222150048761705e+01
    7.190012514219347e+01
    1.420082080436691e+02
    1.124894683064144e+02
    7.825932116276704e+01
    9.278867237450072e+01
    1.036623816159477e+02
    9.580885780283893e+01
    7.566478581564525e+01
    1.112484093395972e+02
    1.131184265617435e+02
    8.764298727013511e+01
    1.192401811492493e+02
    7.830403187343563e+01
    7.143450421020702e+01
    6.897544259160327e+01
    1.124821729867051e+02
    1.093420669729062e+02
    1.052611127136686e+02
    1.399898664648049e+02
    1.378805553276106e+02
    7.485757771274621e+01
    1.018141663217273e+02
    8.277846679807226e+01
    9.529674040516397e+01
    8.527411818489895e+01
    1.372427716825234e+02
    1.358808445646423e+02
    1.247503927395417e+02
    9.859616967960278e+01
    1.374137723528236e+02
    1.114574616689526e+02
    1.124137515248890e+02
    1.197512565484953e+02
    7.646667425479336e+01
    8.353101699725016e+01
    6.730349928989313e+01
    1.178167262766397e+02
    1.229812122572525e+02
    1.189308206667056e+02
    7.334141869500513e+01
    9.816007360030198e+01
    6.337291319430506e+01
    1.013876118477356e+02
    1.272859972073707e+02
    1.009234122658893e+02
    6.158361933586889e+01
    1.098760365000169e+02
    9.383817192336323e+01
    1.328732826057978e+02
    7.407203580241003e+01
    1.455287312807184e+02
    1.251978563881778e+02
    1.361131790311993e+02
    1.329353140980561e+02
    1.280348498365697e+02
    9.307008075693034e+01
    1.116163459828260e+02
    1.078672859303549e+02
    8.065843275666680e+01
    9.570976781762511e+01
    1.241298515044446e+02
    1.255496667400723e+02
    1.211514667737333e+02
    9.511066353901924e+01
    6.906135586759888e+01
    1.285910185761554e+02
    1.183886319371811e+02
    7.647317378524917e+01
    9.310335581488630e+01
    1.170545881757619e+02
    4.979677649125733e+01
    8.280750787895158e+01
    1.168183052448558e+02
    9.038846914239684e+01
    6.046453360289320e+01
    1.307857068973397e+02
    1.340658329639223e+02
    8.802963785439260e+01
    8.789184041305361e+01
    8.327192492346853e+01
    8.950701604892856e+01
    9.054102781973484e+01
    9.936549873769195e+01
    6.819259637089090e+01
    6.940417606858659e+01
    6.074165004351812e+01
    1.043402131811604e+02
    1.136744068818655e+02
    1.292291140696682e+02
    1.079099688356291e+02
    1.222488400423754e+02
    9.993594090169381e+01
    8.746825399192858e+01
    1.128808218744564e+02
    6.739647774860600e+01
    1.045869090117674e+02
    1.084012285148958e+02
    1.181416053634302e+02
    9.748061938102182e+01
    8.299816603449472e+01
    1.483502321361937e+02
    1.666863028513012e+02
    1.052456112249479e+02
    1.326666507079653e+02
    8.138648415856778e+01
    9.454442109934803e+01
    1.089161540428802e+02
    1.102439345452433e+02
    1.347349493918364e+02
    1.051499083960971e+02
    1.048503160371308e+02
    1.101386519742823e+02
    1.313835641791513e+02
    7.966223342844160e+01
    1.056814029966733e+02
    1.370262826494934e+02
    7.477097380444206e+01
    1.205670875036071e+02
    7.516013378238767e+01
    7.455127457604249e+01
    9.554175836245918e+01
    8.982652857086464e+01
    8.925418798434976e+01
    6.020253006288272e+01
    1.190385997533247e+02
    1.062567846149125e+02
    1.010354659319808e+02
    8.672913145812458e+01
    1.013193796573955e+02
    7.061791423305067e+01
    6.921830293535436e+01
    8.852981599809596e+01
    6.250153007611857e+01
    1.048224937865598e+02
    1.025691907544524e+02
    1.238983449747434e+02
    1.318344441573606e+02
    1.229602201619559e+02
    9.761386722671659e+01
    8.790499378601453e+01
    7.694083471874023e+01
    1.525720239037435e+02
    1.025632502726739e+02
    5.944335518071625e+01
    9.203488562051575e+01
    1.282270214628761e+02
    1.354325375979374e+02
    1.018670368575249e+02
    6.110479576244188e+01
    1.095881077161994e+02
    8.313441680029200e+01
    7.867687559225601e+01
    9.867046431452422e+01
    5.489529007419264e+01
    1.099993926105117e+02
    9.550095457248972e+01
    1.105931736781622e+02
    3.994075539088271e+01
    9.330169357859404e+01
    8.304197655652956e+01
    1.231395575144347e+02
    8.601865018478520e+01
    1.084008548757083e+02
    7.661331650975967e+01
    1.151652927093562e+02
    6.754004962272347e+01
    9.837832230815593e+01
    1.265073254998038e+02
    1.702983157456379e+02
    6.459863462602470e+01
    8.070834997968518e+01
    1.356259571063788e+02
    8.723930963058251e+01
    8.737879940278845e+01
    6.782130083999618e+01
    5.559258782767188e+01
    1.335984793563136e+02
    1.237504098601858e+02
    1.599278792109340e+02
    8.057387562934878e+01
    9.634132473494105e+01
    1.133913633323664e+02
    1.284633142995415e+02
    6.986152820067105e+01
    1.138878327427744e+02
    7.617582594583382e+01
    6.265578822189696e+01
    8.245483445416767e+01
    5.861112084739602e+01
    1.339255570879948e+02
    7.009743197522084e+01
    8.914660037527256e+01
    9.182832540408867e+01
    1.382631221591532e+02
    1.186899963323879e+02
    1.064817671636433e+02
    1.077457346134156e+02
    1.265655937029726e+02
    8.691597324993381e+01
    1.195605510344490e+02
    1.097624413797337e+02
    1.452738545234729e+02
    1.121426660514624e+02
    6.851212155168241e+01
    7.648659526511437e+01
    7.208448922702701e+01
    1.038110415993367e+02
    7.007620024570770e+01
    7.558703702634261e+01
    7.908350910545209e+01
    1.118232578751247e+02
    1.063266809949664e+02
    1.114274991668526e+02
    1.045002513733994e+02
    1.129596361781262e+02
    9.879698310217350e+01
    1.384428297096713e+02
    1.369467832174610e+02
    1.119856215236598e+02
    8.842382977533930e+01
    7.997902382094935e+01
    8.406291042667135e+01
    1.094282365549429e+02
    1.280970191118786e+02
    1.019295923964637e+02
    1.010988520022704e+02
    1.125141439069489e+02
    4.333143358056532e+01
    7.414491543085205e+01
    1.262186560668579e+02
    1.205835706653954e+02
    9.562750478588896e+01
    8.927524909867316e+01
    1.081837598593302e+02
    1.225544128698721e+02
    6.639919979885121e+01
    8.164699154195660e+01
    8.081179463611079e+01
    8.900787554590465e+01
    7.542901671779418e+01
    1.010806779602501e+02
    1.262172574424358e+02
    1.117217075824624e+02
    1.351356450824119e+02
    1.304880636349856e+02
    1.014578931583969e+02
    1.117797955731078e+02
    7.655394239684597e+01
    1.061105299890335e+02
    1.442977521955208e+02
    7.559272988373209e+01
    1.374588588436268e+02
    6.341075512287716e+01
