    1.206812052767168e+02
    8.433696893735093e+01
    1.009552476055341e+02
    1.361864926060552e+02
    1.195877111101178e+02
    6.695240077334340e+01
    8.687746144699892e+01
    8.188178994839301e+01
    9.315750473334640e+01
    7.500539210922456e+01
    7.802408919124714e+01
    8.786156545808343e+01
    1.170621481693343e+02
    9.662577501081503e+01
    8.454755874474738e+01
    8.090181365050930e+01
    1.185010500460042e+02
    8.606589992314844e+01
    9.495880630833426e+01
    9.163548160796023e+01
    9.043779878545709e+01
    1.067326660644089e+02
    1.011466758500755e+02
    1.263357284867452e+02
    8.708565953769383e+01
    9.185463931450053e+01
    1.261921481056453e+02
    1.037805695226487e+02
    1.619073849043407e+02
    5.239340769017513e+01
    1.115635911454644e+02
    1.052079049510317e+02
    5.377590507736713e+01
    8.089133901488424e+01
    7.271814214119104e+01
    1.400851338396751e+02
    9.014612118565282e+01
    8.669835942841111e+01
    4.680919459887228e+01
    5.492721629699311e+01
    1.074201401103860e+02
    1.043489711677438e+02
    1.055011522394478e+02
    1.066047968382964e+02
    1.054211363167527e+02
    1.056508448456683e+02
    1.482071037380396e+02
    8.375416128438019e+01
    6.343060281663355e+01
    7.614941790696058e+01
    7.712438112279855e+01
    4.741958272049033e+01
    9.834257502349580e+01
    9.640311310186938e+01
    8.558813089712018e+01
    6.641395214463138e+01
    7.383209838225639e+01
    8.279854710565914e+01
    9.795094568923105e+01
    6.209141392896079e+01
    7.356968258863837e+01
    6.676809261426769e+01
    1.312135826279151e+02
    1.385295030434636e+02
    8.043072015690868e+01
    7.941923662313528e+01
    8.962842412872646e+01
    4.906225522835328e+01
    6.607788791288556e+01
    1.656723444783488e+02
    7.866677845764372e+01
    1.062860562580393e+02
    1.127513692820098e+02
    1.151066466516481e+02
    1.075560787307765e+02
    6.356157087393200e+01
    1.327581960109234e+02
    1.227583805574521e+02
    1.178895802223282e+02
    9.515746674214682e+01
    7.767918559633628e+01
    1.135975443376935e+02
    1.355794925103633e+02
    1.099756875860169e+02
    7.703468406805072e+01
    7.742412540330079e+01
    1.031288188845181e+02
    1.136294447933496e+02
    1.066080774589871e+02
    9.632798834532394e+01
    8.796382633275059e+01
    9.184887271639496e+01
    7.432788292533061e+01
    7.221786476820171e+01
    1.077376503886502e+02
    1.269210182492901e+02
    1.190478739524494e+02
    7.540811572972586e+01
    1.261101521570998e+02
    1.183979825728203e+02
    8.540612060855295e+01
    1.184434313757245e+02
    1.591867091578007e+02
    9.352058537973534e+01
    1.696508124021148e+02
    6.815155261810858e+01
    1.333954607055831e+02
    1.196864682665728e+02
    7.381780815274666e+01
    1.355297995317829e+02
    7.684545147509255e+01
    9.106977591261398e+01
    1.508107411821321e+02
    1.611780981745898e+02
    9.059717375945539e+01
    7.493103837461462e+01
    7.948577052561589e+01
    1.047848716021326e+02
    1.116994658504836e+02
    6.388105293293819e+01
    1.391195182092146e+02
    1.089003594062466e+02
    1.168282723646129e+02
    7.256423698804142e+01
    1.247948699519372e+02
    1.035627793744096e+02
    1.137984981275325e+02
    1.085973204114792e+02
    1.129724025661898e+02
    9.117176619550605e+01
    6.505233814077883e+01
    6.410814786515886e+01
    9.876000963058232e+01
    1.074792360285193e+02
    8.966355685064485e+01
    1.487640900752680e+02
    1.066188506584501e+02
    1.066441387983880e+02
    8.861471499305139e+01
    1.057788529687252e+02
    1.011578226344486e+02
    9.596907837181334e+01
    1.165295813434628e+02
    1.203578812937945e+02
    7.932427996381932e+01
    9.752900986999379e+01
    1.159097757460583e+02
    8.254270869646405e+01
    7.844028650364123e+01
    8.158777878647385e+01
    1.142092423095011e+02
    8.108907242167021e+01
    8.449202672121970e+01
    1.552829364435945e+02
    1.303080798790990e+02
    1.229094427051328e+02
    1.006026157888849e+02
    1.269708177528176e+02
    8.282583439414225e+01
    1.277281275973439e+02
    7.774878756020968e+01
    8.132992735237707e+01
    1.043157411989171e+02
    1.325933879275186e+02
    8.457695806008331e+01
    1.199220366291672e+02
    1.084095638237926e+02
    1.033811634456447e+02
    9.045897488700831e+01
    5.260720845069244e+01
    1.216721296101596e+02
    1.234529515103475e+02
    8.429351287593391e+01
    1.014903742511854e+02
    6.497117631351983e+01
    1.323901496097869e+02
    1.150450181150552e+02
    8.387015656840447e+01
    4.023839705328413e+01
    1.100452186859633e+02
    9.412801658190318e+01
    8.409511970459050e+01
    9.467877679107289e+01
    2.946891757285300e+01
    8.544109033438701e+01
    1.357768084259399e+02
    3.303843049922790e+01
    1.065797354429355e+02
    9.233281271504524e+01
    1.199934297382330e+02
    9.616085479670232e+01
    1.457447514080189e+02
    1.216241682033697e+02
    1.461214663071664e+02
    9.581935776803107e+01
    1.071731755176651e+02
    1.044735108435023e+02
    8.722365747927284e+01
    1.030964381175727e+02
    1.033983911755033e+02
    1.161032411623214e+02
    1.108630535133597e+02
    8.649553962270090e+01
    6.061625011600739e+01
    1.103574809821362e+02
    1.115276511708720e+02
    1.144482217608444e+02
    1.198976248973273e+02
    1.008963518815338e+02
    1.205071231271023e+02
    6.701730025179444e+01
    7.022942591559513e+01
    9.642520906130130e+01
    1.305595734918089e+02
    1.373511883882952e+02
    8.495678500533899e+01
    8.247327569489926e+01
    1.271842249630458e+02
    8.843229911313927e+01
    5.082407730310592e+01
    1.019270924842016e+02
    1.249089253479508e+02
    7.665528998273629e+01
    1.183916567049170e+02
    1.204833339438417e+02
    1.295507328789614e+02
    8.957139325187711e+01
    7.039346735483832e+01
    1.470960169778098e+02
    1.239521680535347e+02
    1.005026004330989e+02
    6.576278587553190e+01
    1.080398012047036e+02
    9.574867211059029e+01
    7.812216018614862e+01
    1.121338456522295e+02
    9.587090830963746e+01
    1.121536781716100e+02
    9.196877223037632e+01
    7.905013331385476e+01
    7.078584731969329e+01
    7.042314118486217e+01
    1.142237589126279e+02
    1.228018570322749e+02
    1.450320624674686e+02
    8.856915883463728e+01
    1.410204387690209e+02
    7.851001388646182e+01
    1.292215960958978e+02
    1.294772228036220e+02
    1.155040145616186e+02
    9.649994039073647e+01
    1.143921262494337e+02
    9.694691889976610e+01
    1.090312652450757e+02
    9.915882719585682e+01
    1.152967175516932e+02
    1.143267454516393e+02
    8.464025802616334e+01
    8.573757305236768e+01
    1.147328796893908e+02
    1.130890071159718e+02
    6.634821249414813e+01
    1.131662870308838e+02
    1.420029334573411e+02
    9.153525544639706e+01
    1.500544981167724e+02
    5.408984603042484e+01
    8.558745909944889e+01
    1.136786136772656e+02
    9.233998830421228e+01
    9.699730264414029e+01
    1.113936479706939e+02
    1.129076551663439e+02
    1.022574539230129e+02
    9.025248239553093e+01
    1.512554319543653e+02
    4.140595719559315e+01
    9.501512545366722e+01
    1.076818002051442e+02
    7.063709873468383e+01
    8.194036710774185e+01
    9.768205151154348e+01
    9.208919162964605e+01
    1.201832942386199e+02
    1.046747717190033e+02
    1.044968179229517e+02
    1.099618037555996e+02
    9.862822208399223e+01
    9.055816375628353e+01
    7.707771311116403e+01
    1.208785662859691e+02
    6.440758515121388e+01
    1.297884672061065e+02
    5.925499763183439e+01
    1.484499531017553e+02
    6.775265314663955e+01
    1.018205946388304e+02
    1.175082298326930e+02
    1.086728737515347e+02
    1.501456981676165e+02
    1.357715971349876e+02
    8.509579363258183e+01
    1.055728609276804e+02
    8.061139987867534e+01
    7.011273569217792e+01
    1.152208961990675e+02
    1.030608666221377e+02
    5.761130307412770e+01
    7.592133679941753e+01
    9.806045285251798e+01
    1.097621578091099e+02
    7.562074096697529e+01
    1.055600870369312e+02
    1.088410048680640e+02
    1.182124355675245e+02
    9.423369537534825e+01
    6.218276199174682e+01
    1.432348448699628e+02
    7.628141720747067e+01
    8.744533198544843e+01
    1.201250438990564e+02
    8.148921265135755e+01
    9.589388862729152e+01
    1.130066576316364e+02
    1.216419971665511e+02
    6.758211859383835e+01
    1.126213078930937e+02
    5.946121330678977e+01
    1.361710360804364e+02
    9.464869542674421e+01
    1.843297557454179e+02
    1.143266387938689e+02
    8.935391835952373e+01
    9.105432444363828e+01
    6.848198611304099e+01
    1.643392382729007e+02
    1.314806640870546e+02
    1.646930740884511e+02
    8.579810275445027e+01
    6.571415483593057e+01
    1.933732452153697e+02
    6.769759559567149e+01
    1.325102697481037e+02
    1.351254093011971e+02
    8.657717894750363e+01
    7.753901366384582e+01
    5.881313362667072e+01
    9.978202667803941e+01
    1.395654589482007e+02
    8.714194390287901e+01
    8.778265063927734e+01
    1.471230132626596e+02
    1.053280567054827e+02
    1.111347866988314e+02
    9.002885856478940e+01
    7.141939227916794e+01
    1.228555005948283e+02
    6.219714954996675e+01
    1.255708715839353e+02
    1.134353708207988e+02
    1.044364469932873e+02
    1.392013934987506e+02
    1.123937271885217e+02
    1.011278841910683e+02
    9.548213200194027e+01
    9.879652344145313e+01
    1.493546041784089e+02
    1.059557453023973e+02
    8.925946502897546e+01
    5.965272433479981e+01
    1.384791176056228e+02
    9.595757396309352e+01
    1.339648538634265e+02
    1.532786049916791e+02
    4.438474067538550e+01
    1.094296997411669e+02
    1.010477008561782e+02
    6.995329230166135e+01
    9.067574905325046e+01
    9.482214040727001e+01
    4.703348174653570e+01
    7.242691131655988e+01
    5.909869512069008e+01
    7.824867499765389e+01
    7.892504569152550e+01
    1.273117581103526e+02
    1.551280099458199e+02
    9.006304023906694e+01
    1.328000413196901e+02
    7.530030186097235e+01
    9.779834818720815e+01
    7.974629940327020e+01
    7.918164047068331e+01
    1.052205402877644e+02
    8.406976316447413e+01
    1.388900122615644e+02
    1.376657173171469e+02
    9.485204580966808e+01
    9.572439355152483e+01
    8.084099439922454e+01
    7.520367575647526e+01
    7.384659923670881e+01
    9.882586382671775e+01
    1.015896886477253e+02
    1.213432009648852e+02
    8.813867196853778e+01
    9.139250492135716e+01
    1.003716466271550e+02
    8.782447813932777e+01
    1.571479922739411e+02
    1.204963281914206e+02
    1.085687814291055e+02
    9.207713351396023e+01
    6.418920374426932e+01
    8.422400408723774e+01
    9.788412683033016e+01
    6.249694378529512e+01
    7.990883035009460e+01
    9.673668723961214e+01
    6.590115766173597e+01
    1.101485427069781e+02
    8.364419872163296e+01
    9.618599189456802e+01
    9.741401955529909e+01
    1.401918132959253e+02
    9.912754027123412e+01
    1.012104977068844e+02
    8.970239283600051e+01
    8.014308056319862e+01
    8.223448407104399e+01
    9.553252045485294e+01
    8.811705427789036e+01
    1.443952940677252e+02
    7.455306649242459e+01
    1.268047954086950e+02
    1.510057926227967e+02
    6.606080036191031e+01
    7.802793328102837e+01
    1.236345343379230e+02
    1.272299872122323e+02
    9.412752268475458e+01
    6.496738821364772e+01
    4.658992676216258e+01
    6.079022303895954e+01
    4.828376820862331e+01
    8.929038065230657e+01
    1.402813326395415e+02
    8.360880828225277e+01
    4.297851582810949e+01
    1.001181501622915e+02
    1.002925242936311e+02
    6.333002365771961e+01
    1.038922510262142e+02
    1.336385773470420e+02
    8.119154635121845e+01
    1.184095259263194e+02
    6.257300890572083e+01
    7.962991084684916e+01
    8.910389883205255e+01
    1.378351252420754e+02
    1.081971050971282e+02
    8.168579930918497e+01
    1.001466601694210e+02
    6.753221127951235e+01
    9.276976657473142e+01
    1.225531606943525e+02
    5.825141596699154e+01
    5.881454984629329e+01
    1.013657920164906e+02
    1.140558639872654e+02
    7.719522956867706e+01
    1.660667576370594e+02
    1.016831088160984e+02
    7.527389261783810e+01
    5.931907153633631e+01
    8.252498465275210e+01
    9.410610250682566e+01
    1.049395397477758e+02
    1.249253912605138e+02
    1.375182728547981e+02
    1.065619446057769e+02
    9.792928667788715e+01
    9.830723769509973e+01
    1.572209522671125e+02
    9.153716000871214e+01
    6.840463233786522e+01
    9.016462582019528e+01
    1.285911531159871e+02
    9.071691941998552e+01
    9.396140709157919e+01
    9.237519915241194e+01
    1.215137971309719e+02
    1.582193910685851e+02
    1.535070079890750e+02
    1.069737266836739e+02
    1.234587719351600e+02
    7.521052141502935e+01
    8.216504958584949e+01
    9.339546357130018e+01
    1.435726927301602e+02
    1.495611052988016e+02
    1.128467282768383e+02
    1.368506356572340e+02
    8.439990537223935e+01
    1.066440024639007e+02
    6.887251227215302e+01
    6.111368237297029e+01
    1.120874002061447e+02
    1.352848473248434e+02
    9.651577475097497e+01
    5.746268778930244e+01
    6.751449284147839e+01
    1.102999107351525e+02
    1.181247442319489e+02
    1.010481090085761e+02
    1.123697534434166e+02
    5.050377360305447e+01
    1.487819092968243e+02
    1.230093509033793e+02
    1.132495050091495e+02
    1.384450481590886e+02
    1.093507244353918e+02
    4.449523231809621e+01
    7.606967652780099e+01
    1.612117147294782e+02
    7.193542479844496e+01
    6.519672798683587e+01
    9.716309583693146e+01
    1.123195181444498e+02
    1.355204049541658e+02
    8.288276776137081e+01
    9.125719572082289e+01
    8.987221078309858e+01
    5.754732822349069e+01
    8.102461376154793e+01
    8.668905921126225e+01
    1.444341870115193e+02
    6.234822804314945e+01
    8.003183420004348e+01
    1.214068197112806e+02
    9.760967013692493e+01
    1.022775143087210e+02
    1.301528576411681e+02
    1.391761142956091e+02
    1.006301641984146e+02
    1.057390729992801e+02
    1.127066633011225e+02
    1.047475366281537e+02
    7.795245850391098e+01
    1.057299784866484e+02
    1.041739210564685e+02
    7.849006605825139e+01
    8.413886756439183e+01
    1.026918848946434e+02
    9.223080907411031e+01
    8.715899268885209e+01
    1.168345151364645e+02
    9.472070913164089e+01
    9.924206994120482e+01
    7.637890037386228e+01
    8.366345433682000e+01
    7.945207654292403e+01
    1.364650367722834e+02
    1.146910727782813e+02
    5.406457042456964e+01
    1.067661475079046e+02
    7.127907094056127e+01
    8.049345656759328e+01
    8.201898709990587e+01
    9.454400458717600e+01
    4.918257716362859e+01
    7.631532075750670e+01
    1.157582696056284e+02
    6.747546535822948e+01
    8.259442852492725e+01
    1.549937632184981e+02
    1.198797714637487e+02
    8.128720162811419e+01
    1.123995340470287e+02
    7.518312327802960e+01
    6.499799418200951e+01
    1.139289423614230e+02
    8.815689498296820e+01
    8.412801267329542e+01
    1.169753905692244e+02
    8.648706486613378e+01
    1.049613741358098e+02
    9.867482536387456e+01
    1.015306030521333e+02
    1.353618565862462e+02
    1.160436701935714e+02
    9.480641407587541e+01
    8.573053449017380e+01
    5.178415826401420e+01
    9.364155984283798e+01
    5.800807483994163e+01
    8.115654873501057e+01
    8.347865804563639e+01
    6.591339533321047e+01
    7.259802419308926e+01
    8.981951787637854e+01
    8.340346961153841e+01
    1.286862347075157e+02
    1.464069820840041e+02
    1.224968189139997e+02
    8.481240843734099e+01
    1.310506517851411e+02
    2.726526110978398e+01
    6.415238920352522e+01
    1.048356900140959e+02
    9.450198928936061e+01
    8.775148617571176e+01
    1.373731440382653e+02
    8.710257258837714e+01
    9.455941606485453e+01
    1.142992312913100e+02
    1.155461505807750e+02
    9.222790594928824e+01
    6.278564675431426e+01
    9.655743758498033e+01
    1.726343002729402e+02
    1.395694383017360e+02
    1.091009608632032e+02
    1.085701913605953e+02
    9.416206857152474e+01
    1.676536562901288e+02
    1.137964881441417e+02
    1.015167141825953e+02
    1.188155971537435e+02
    1.023726770558915e+02
    1.140909265220250e+02
    8.312799811704167e+01
    1.087525587602647e+02
    8.754489305203947e+01
    9.845836668271886e+01
    3.653748056836207e+01
    1.141430920863377e+02
    1.184907217339014e+02
    1.036692115557628e+02
    8.754769586134216e+01
    1.068149351185809e+02
    1.229763320263180e+02
    9.848168533284479e+01
    6.311159424988432e+01
    8.629760624265032e+01
    8.616971405272352e+01
    7.781576286436234e+01
    1.030025350302594e+02
    1.224756560323078e+02
    1.121544335489966e+02
    1.096433236190887e+02
    1.186356583737097e+02
    1.168792261910210e+02
    6.229971657461533e+01
    5.872698679197015e+01
    1.256107138785035e+02
    8.598125700112178e+01
    9.264234619475019e+01
    1.236724307222050e+02
    7.195984540289260e+01
    1.025936880413269e+02
    6.868000267379330e+01
    6.384454331573920e+01
    1.161180880364009e+02
    5.715075319206107e+01
    1.021155146482124e+02
    5.873007743678272e+01
    1.400261487029616e+02
    1.220024774207855e+02
    1.041883824792546e+02
    8.987640563698164e+01
    5.836300673383789e+01
    8.016213658320908e+01
    9.353946167965546e+01
    1.155468449583452e+02
    1.070267831633578e+02
    9.169280507749818e+01
    3.845637083614861e+01
    1.423326804282328e+02
    1.157325382067074e+02
    1.113662732835485e+02
    1.116207487975521e+02
    9.691153320132912e+01
    1.029187168610440e+02
    9.537259381790932e+01
    8.993198853972899e+01
    7.709866034932816e+01
    1.208957835721048e+02
    7.000463792447817e+01
    6.530639868243270e+01
    7.272578182369784e+01
    1.070813856323514e+02
    1.133024509252334e+02
    5.803773019065034e+01
    1.017301564222203e+02
    1.064032882971765e+02
    1.041007432101105e+02
    8.383058559208052e+01
    1.730639833933822e+02
    9.381884544104537e+01
    9.818234382467267e+01
    1.099524209347533e+02
    1.097963335623331e+02
    1.657859304586066e+02
    1.670316547945072e+02
    8.172457516472718e+01
    1.273374256701459e+02
    1.150247154065539e+02
    1.337373229868115e+02
    1.196511376789920e+02
    1.405907978955497e+02
    1.418517045019564e+02
    1.126053962446804e+02
    7.633134245552469e+01
    9.391398785393335e+01
    8.428659404868540e+01
    1.058170630253073e+02
    1.167392755808055e+02
    1.113943770841990e+02
    1.221386141392247e+02
    8.907020022613665e+01
    8.965857653931039e+01
    9.126057589216884e+01
    7.687310646248307e+01
    4.919697766628019e+01
    1.513756874235889e+02
    9.790752125477979e+01
    1.444233389035935e+02
    8.489597348336702e+01
    1.225212367669212e+02
    1.548349270173878e+02
    1.189375455681079e+02
    9.337657544562376e+01
    7.818465607836629e+01
    8.620619116079183e+01
    1.216685178299690e+02
    1.317635418548844e+02
    8.238218151242904e+01
    8.753879731157895e+01
    1.170890851506294e+02
    1.115467801416253e+02
    9.089905711417259e+01
    8.457229959510187e+01
    9.642729158367160e+01
    8.391007541489785e+01
    1.193325699148988e+02
    1.300131111171982e+02
    1.154976158847830e+02
    1.539873582746657e+02
    1.148454243650508e+02
    1.081599748288886e+02
    5.888827670572141e+01
    1.472559781651273e+02
    5.397091004010235e+01
    5.741062711733548e+01
    1.589917920883295e+01
    9.654798473964775e+01
    8.878942119684211e+01
    8.432590361904204e+01
    7.992721493345243e+01
    6.346565289299292e+01
    9.638963954371775e+01
    7.390099794628668e+01
    7.780150452441035e+01
    1.176449396936755e+02
    9.120674455161293e+01
    1.130417118704213e+02
    1.440561501966215e+02
    1.008721721185577e+02
    8.437190320335503e+01
    1.199953530903360e+02
    1.271625665673241e+02
    1.176875724112699e+02
    9.077879396851927e+01
    1.186533536795673e+02
    7.422640204810591e+01
    7.911563861708828e+01
    1.056553227066900e+02
    6.717739214479593e+01
    1.325612729537488e+02
    1.078271240442848e+02
    3.666483745320420e+01
    1.088258303717873e+02
    1.454180642380607e+02
    9.070825523636017e+01
    9.676853983310821e+01
    1.479561235025460e+02
    1.110824333428138e+02
    7.149436871662147e+01
    9.316190504837323e+01
    1.105519934659822e+02
    1.233316788383434e+02
    7.893524237394217e+01
    8.041461194973749e+01
    9.491876563281039e+01
    1.073347035863617e+02
    1.004479822865699e+02
    1.057062822184980e+02
    9.211852216466582e+01
    1.148942179115454e+02
    1.217212921489511e+02
    1.271525269983704e+02
    8.283399667623030e+01
    1.061502216336078e+02
    8.875713782652383e+01
    9.045349859981457e+01
    9.467490973465374e+01
    1.058252272003779e+02
    1.051843334885871e+02
    1.313577086657563e+02
    1.374903700783273e+02
    1.104196211321891e+02
    7.132928418323445e+01
    8.967162724897776e+01
    1.440196873083016e+02
    8.835735680022708e+01
    7.281093660071406e+01
    1.477518775400245e+02
    1.060234435996608e+02
    1.117080576539990e+02
    9.531179004236492e+01
    1.409446984954377e+02
    8.507324846716187e+01
    9.990463370130442e+01
    6.564830397931928e+01
    7.118369218454063e+01
    9.425950960834371e+01
    1.308471268373194e+02
    1.045104115936033e+02
    1.092868878782701e+02
    9.839941433696481e+01
    1.207729062129863e+02
    1.007117362550150e+02
    9.978687981760231e+01
    1.063048421518181e+02
    7.404018089506735e+01
    8.736035234449105e+01
    7.568698274493954e+01
    1.438381394392832e+02
    9.775446472496469e+01
    6.591732086121965e+01
    1.045662444578034e+02
    9.347396720285474e+01
    1.065539861679088e+02
    1.428931295286213e+02
    8.022483409433789e+01
    1.037741511847571e+02
    1.299215048583585e+02
    8.083478621475024e+01
    1.027674869981536e+02
    5.959872848781743e+01
    9.135896785177238e+01
    8.132629704150759e+01
    9.433921742340090e+01
    1.148252729623664e+02
    1.311497322381842e+02
    9.243986484670131e+01
    8.637057685005061e+01
    9.790220667023391e+01
    6.922455030012202e+01
    8.904233415441809e+01
    7.689359929243892e+01
    8.159626057872515e+01
    1.382961811630969e+02
    4.978925560200423e+01
    9.168289520881103e+01
    8.061878808349206e+01
    1.127688392883579e+02
    9.368315642529979e+01
    1.264301726119584e+02
    8.568230632928703e+01
    9.912932063725407e+01
    8.551074048354849e+01
    4.224010161848923e+01
    1.229129054117118e+02
    1.195659153045199e+02
    8.159739585099032e+01
    1.455253379829401e+02
    1.085771835320656e+02
    1.146406415652189e+02
    1.203130925186690e+02
    9.948259971941525e+01
    1.491699675310576e+02
    7.041624348749906e+01
    1.237733948636628e+02
    8.809735594093468e+01
    7.031706225890048e+01
    1.064596282845071e+02
    1.203290507285624e+02
    1.179186175714983e+02
    1.326480567134558e+02
    1.075361189041701e+02
    9.008027552219573e+01
    7.839521380476981e+01
    6.923444651750401e+01
    1.300435972985349e+02
    1.701978949256204e+02
    8.985342737902670e+01
    1.122650934038279e+02
    7.295377613633832e+01
    1.068044330672330e+02
    1.580338122538285e+02
    5.695588714220321e+01
    1.071709608041374e+02
    1.106747714885455e+02
    9.125191947475287e+01
    8.068776953273982e+01
    1.379416798098623e+02
    1.116411458496850e+02
    7.626407511195680e+01
    8.118018538121873e+01
    7.765319492496815e+01
    9.541454531531144e+01
    9.880485549472496e+01
    7.970454756903905e+01
    9.490301065409085e+01
    7.075331976207053e+01
    1.092590349952252e+02
    1.016161103731577e+02
    9.581606749482376e+01
    8.918088733006471e+01
    1.307236531338913e+02
    1.207826857515340e+02
    1.066215748912691e+02
    1.007975384712597e+02
    1.000635429617091e+02
    1.248228471946345e+02
    8.842438256058244e+01
    9.678431786727401e+01
    1.023444783124512e+02
    6.640008010627980e+01
    9.666927218190040e+01
    1.226716695031757e+02
    1.447776716083445e+02
    9.444059316498965e+01
    9.868105434241784e+01
    1.159344253327060e+02
    7.597757742642102e+01
    1.085084965713429e+02
    1.376576757922726e+02
    6.464783567051541e+01
    9.542931577972922e+01
    9.513974963848227e+01
    6.589378176073978e+01
    1.652531791553099e+02
    6.376297121272842e+01
    7.899023440939914e+01
    8.564279337986591e+01
    1.049269324837837e+02
    1.027293952773402e+02
    8.419817403602906e+01
    7.512760116737581e+01
    1.837604817327679e+02
    7.208526805223187e+01
    1.162616606956510e+02
    9.912061507805220e+01
    1.389620388120773e+02
    6.424878635476489e+01
    9.233843983559382e+01
    7.510773213888683e+01
    1.103821189826294e+02
    1.361007740594846e+02
    1.024218547354042e+02
    9.850226121861056e+01
    1.603047736292478e+02
    1.145667456895455e+02
    1.124473358369585e+02
    1.077410416967757e+02
    7.846207460814412e+01
    1.098183375316421e+02
    1.163530787293166e+02
    1.610372693900433e+02
    9.441205622690063e+01
    1.158841973138942e+02
    1.144378181608158e+02
    1.515572809200319e+02
    8.840777334874360e+01
    7.301721708696391e+01
    5.917479262249799e+01
    6.529715196052052e+01
    7.413875262674765e+01
    1.031112530134362e+02
    6.727483097662798e+01
    8.908407466832386e+01
    4.276126632671890e+01
    1.336796821629366e+02
    1.268609717124605e+02
    8.422043724792161e+01
    1.101291013444904e+02
    1.254797506090358e+02
    6.834163282889222e+01
    1.095355761788426e+02
    1.253889071918945e+02
    1.258631017273558e+02
    1.243878775554117e+02
    1.272444792990177e+02
    1.419061634810384e+02
    7.972228721982901e+01
    7.516456470255321e+01
