    9.620259386302023e+01
    5.819399029835145e+01
    9.687198049404877e+01
    9.144473924969948e+01
    1.402501320153582e+02
    7.015321507420722e+01
    9.401406035554929e+01
    8.459138020098322e+01
    8.995339563988301e+01
    1.051198621165834e+02
    7.207177488699173e+01
    1.098462192442632e+02
    1.409971782565611e+02
    9.662028755517960e+01
    6.036042080351751e+01
    1.007871345715085e+02
    9.671122578001756e+01
    5.588201387294379e+01
    1.062081989591579e+02
    1.033375614110054e+02
    1.075542711305344e+02
    9.720373345456829e+01
    8.245502186253927e+01
    6.206381737620287e+01
    1.365507858994692e+02
    8.055056022191604e+01
    1.415895149840325e+02
    1.497248768873122e+02
    9.152509331641670e+01
    1.022111895551893e+02
    1.032165685820657e+02
    1.459984898645777e+02
    9.248038639622635e+01
    8.704243882185466e+01
    1.040145615125781e+02
    8.910517242854823e+01
    7.986667252279361e+01
    1.181256970359090e+02
    1.187618968605641e+02
    1.077246385933329e+02
    1.135622047459520e+02
    1.083711678885320e+02
    7.336339619905125e+01
    1.157137431889370e+02
    7.694508462566169e+01
    7.954967648544290e+01
    8.204270891081229e+01
    1.269816763335473e+02
    1.053637073601288e+02
    1.304585166718717e+02
    1.206147373263570e+02
    8.836815461477549e+01
    1.275053892082064e+02
    8.520624296558445e+01
    7.867982187139503e+01
    7.255344171215597e+01
    1.156091723550332e+02
    1.452896547102779e+02
    7.865103163103505e+01
    1.000478632497492e+02
    9.467100896385013e+01
    7.561921066385906e+01
    1.016322223943826e+02
    1.000135756270085e+02
    1.270933392778834e+02
    1.553272177453279e+02
    1.305271402638164e+02
    9.377119910959891e+01
    1.143187637001076e+02
    1.144018506000313e+02
    5.227435682386542e+01
    1.037139559427166e+02
    1.061445703047728e+02
    1.179294631253687e+02
    9.934851379011803e+01
    1.009420644375601e+02
    1.003120696464757e+02
    1.153253027716998e+02
    9.854466853908221e+01
    9.945256717650977e+01
    8.471197988420286e+01
    1.234963555713053e+02
    1.249422671931087e+02
    8.321114705094075e+01
    1.171050209925775e+02
    6.322153310174002e+01
    1.058491135624381e+02
    1.204023265647254e+02
    1.093179849140280e+02
    1.136697800352459e+02
    1.538018607851885e+02
    1.224138983214891e+02
    7.976386054424992e+01
    1.350479721499867e+02
    9.221364825395369e+01
    8.436417270839613e+01
    8.632499110042602e+01
    9.122722152311013e+01
    1.277699525479184e+02
    1.015854457504587e+02
    8.118473861559437e+01
    8.199104520669437e+01
    7.095038585875074e+01
    9.801763344660003e+01
    1.298339450923784e+02
    7.947666223542228e+01
    9.231182805100303e+01
    1.051282119618357e+02
    1.506511276548245e+02
    1.077912989823709e+02
    1.084217351114212e+02
    1.121524285337186e+02
    1.162446579236372e+02
    8.358888413066424e+01
    8.536540960346386e+01
    8.708775434865828e+01
    1.111950641571107e+02
    1.010196911510315e+02
    8.154123907802955e+01
    8.110317700618509e+01
    9.139362222353228e+01
    1.572666718342565e+02
    1.209741253020705e+02
    1.149823925546555e+02
    1.260393494883560e+02
    7.148842138322109e+01
    8.467998912444031e+01
    8.916214347394984e+01
    9.494361609707340e+01
    1.110952784271984e+02
    1.193972931835995e+02
    1.125016032090119e+02
    1.109990406395465e+02
    1.492817619058710e+02
    1.082336561917541e+02
    9.805792575801149e+01
    8.723132219174715e+01
    4.434640325335522e+01
    9.067844392204591e+01
    1.626415228725887e+02
    1.134161165839058e+02
    8.320663988231701e+01
    5.277222209344700e+01
    8.636255579395822e+01
    9.254222104950514e+01
    7.301280487412669e+01
    8.185203115578133e+01
    7.856228463968620e+01
    1.048919555564822e+02
    6.840581694757162e+01
    1.105105157361072e+02
    9.032260377991605e+01
    1.587668827683805e+02
    1.328793111521188e+02
    9.819916053735625e+01
    1.067027246494266e+02
    7.436071039051114e+01
    8.329024347808399e+01
    8.982845019414526e+01
    7.648164575064328e+01
    1.144002115281435e+02
    6.620668523524500e+01
    8.262411483311240e+01
    1.189387714124445e+02
    1.181382463699788e+02
    1.452580577820564e+02
    8.823994720193724e+01
    1.278109856010286e+02
    1.326860997172739e+02
    8.839842864843291e+01
    7.754787732786667e+01
    1.101262134998618e+02
    9.638342845018087e+01
    5.211184267979064e+01
    7.923629901797341e+01
    9.312057366157404e+01
    8.547643329992070e+01
    8.644564409804701e+01
    1.121047351546184e+02
    1.324355875197716e+02
    8.724840536520361e+01
    8.147276200124963e+01
    6.475106590685897e+01
    1.189248435176265e+02
    1.115260072018989e+02
    7.706994006370792e+01
    1.203608839952392e+02
    1.081161356063933e+02
    1.486322035831012e+02
    8.862393613990577e+01
    7.595070821369973e+01
    1.060000404036856e+02
    1.162750613883557e+02
    1.035420121346476e+02
    7.427453076137880e+01
    8.172956052170065e+01
    1.119494168050718e+02
    8.290720365408248e+01
    7.914769014921376e+01
    7.112685276983285e+01
    4.658708470803077e+01
    1.276348141783575e+02
    1.395781918384429e+02
    1.266260433624331e+02
    7.876218060260555e+01
    1.776870031769920e+02
    1.136965154905627e+02
    8.348994767043649e+01
    6.657527610275764e+01
    7.343040780435899e+01
    9.853111457416844e+01
    7.658918151988843e+01
    6.237994112908524e+01
    9.121813620875628e+01
    4.709603167588995e+01
    1.560241949697249e+02
    1.029035154135553e+02
    1.204657775740333e+02
    1.111639811298173e+02
    4.395215153555739e+01
    1.120395198960057e+02
    1.157976559257853e+02
    1.010506811762178e+02
    1.145491089920844e+02
    1.054480247013646e+02
    9.403922200062169e+01
    1.432615607156342e+02
    1.036227368439384e+02
    8.029524078568613e+01
    6.032235463514837e+01
    8.326955551168624e+01
    1.244550210818051e+02
    8.084798092276060e+01
    1.079003658050956e+02
    7.534472248250438e+01
    1.020135844014973e+02
    5.494897981228490e+01
    1.151984371792963e+02
    1.233338118988740e+02
    1.196421367457359e+02
    1.088849430416019e+02
    1.204278981800923e+02
    1.638650361641601e+02
    1.220212177924492e+02
    4.918915624755044e+01
    6.065167157115070e+01
    1.423203277665672e+02
    1.103881762079590e+02
    1.390391121043001e+02
    1.258572204841536e+02
    1.268826518111581e+02
    1.121504200160035e+02
    1.160564307222006e+02
    5.537962165285535e+01
    5.658680933901479e+01
    7.646538682066137e+01
    4.477656994665381e+01
    9.536936837220480e+01
    1.152714595157903e+02
    1.143233267145843e+02
    6.226950444580382e+01
    1.094763531799623e+02
    1.105742924240593e+02
    7.915358037159137e+01
    1.044073343698614e+02
    1.321007408056596e+02
    1.008062951716022e+02
    1.468986009546353e+02
    9.221140113123624e+01
    9.084968172565027e+01
    1.139135204185351e+02
    9.121941827945079e+01
    8.941879589370217e+01
    1.226993168833883e+02
    6.271298837700442e+01
    8.114911623029286e+01
    1.261671736050158e+02
    9.494997558511898e+01
    6.446246552894706e+01
    4.494398313023680e+01
    9.179187721143592e+01
    9.531680045282314e+01
    1.055470296051948e+02
    1.039389379892049e+02
    1.002323535982578e+02
    8.195627515190040e+01
    1.196025149058903e+02
    8.335807352612449e+01
    1.931836942626006e+02
    1.444228466464375e+02
    1.004405347641972e+02
    8.205651634197864e+01
    9.526964658611973e+01
    9.653171326983681e+01
    8.806913897127288e+01
    1.094996208376307e+02
    1.165729418581031e+02
    8.804102870488407e+01
    1.417343022286656e+02
    6.695042135948427e+01
    7.528238670756082e+01
    1.068834372686950e+02
    5.200817176174610e+01
    1.290130009018094e+02
    1.250163306098858e+02
    8.537743465646201e+01
    8.164121290407877e+01
    1.403739366636620e+02
    1.188450304573587e+02
    8.724491416174487e+01
    1.044858343793203e+02
    1.508289902395484e+02
    1.109933010558416e+02
    7.646218796350752e+01
    1.063163492704069e+02
    7.695420416871457e+01
    6.391172081094680e+01
    1.240057418507547e+02
    7.518522734034207e+01
    9.312712935742695e+01
    7.771824717091988e+01
    1.230670938523747e+02
    1.497322491709303e+02
    1.354436386921162e+02
    7.017787335163234e+01
    1.040272818935892e+02
    1.003186021461067e+02
    8.391825027171933e+01
    9.348212823735196e+01
    5.230212211486730e+01
    1.556190762155336e+02
    5.957391493784712e+01
    1.067325194546117e+02
    1.282854250952744e+02
    1.263166149246905e+02
    1.434554785461103e+02
    6.359730035872758e+01
    8.709016416404836e+01
    1.142734631615468e+02
    9.614373961400588e+01
    1.198510675339207e+02
    1.334402110983046e+02
    8.063558999571285e+01
    7.487209965175623e+01
    1.121199530393449e+02
    7.385340545271561e+01
    5.793803361871483e+01
    1.346758732485335e+02
    7.388936555921873e+01
    8.387419942745623e+01
    1.021192751799714e+02
    9.021266149483893e+01
    6.284786627107962e+01
    7.138072907142259e+01
    6.986652553429280e+01
    9.777593120391714e+01
    5.984985512513333e+01
    1.063750514383105e+02
    1.027185638554829e+02
    8.796831394942330e+01
    8.999109958987106e+01
    1.398636908809402e+02
    6.893054416606105e+01
    1.255828581465300e+02
    9.997190491597280e+01
    7.538214675015922e+01
    1.073769529901386e+02
    7.011338160063588e+01
    4.913447325980314e+01
    1.205296594917581e+02
    9.450052143159496e+01
    1.024734047291173e+02
    1.064130011241951e+02
    1.282511598892194e+02
    1.364168364958221e+02
    1.210928502185561e+02
    1.309958563305617e+02
    1.117555841360974e+02
    8.978063315486736e+01
    1.100518144854402e+02
    1.199592108158851e+02
    1.010531646366746e+02
    1.032789382341650e+02
    1.224456153092649e+02
    1.109008226868184e+02
    8.438869196581038e+01
    9.381750311751432e+01
    1.116133946258282e+02
    1.038374831654272e+02
    7.844656620919011e+01
    7.509908427311359e+01
    9.081635796214186e+01
    1.188870589301195e+02
    9.215015113286427e+01
    8.029479484796411e+01
    8.999340569062895e+01
    1.823957918027634e+02
    8.024535429089838e+01
    1.521043154012563e+02
    1.229850869404424e+02
    7.144865457633500e+01
    9.744218195639974e+01
    7.304571268283951e+01
    1.074980629021763e+02
    1.220681730158708e+02
    1.012122411693815e+02
    8.505682827271528e+01
    1.053261689628886e+02
    1.047571483240188e+02
    9.725465619281749e+01
    1.038896328824057e+02
    8.329714198182785e+01
    3.640069274494010e+01
    6.953718450473616e+01
    6.866466947785852e+01
    1.063936798017613e+02
    7.771232974853433e+01
    1.039806057685865e+02
    1.099560648209479e+02
    5.785841414155414e+01
    1.492949478705077e+02
    7.516972548014166e+01
    1.161224313945110e+02
    7.573720704332004e+01
    7.940018414832480e+01
    1.156816079374835e+02
    1.189846278947118e+02
    1.258543429931240e+02
    1.095786601204350e+02
    8.993527953219257e+01
    8.166149594691092e+01
    9.154345121878862e+01
    1.050950297982592e+02
    9.110962287656207e+01
    6.497041310110149e+01
    8.126211609397672e+01
    1.210627068364863e+02
    9.729548331578371e+01
    1.716104800889133e+02
    1.150503942589654e+02
    1.216169487612939e+02
    1.068840886221233e+02
    1.266932232327946e+02
    9.914515698874652e+01
    1.226019728672208e+02
    8.842408446268564e+01
    1.088336891727886e+02
    8.581075621085745e+01
    1.273272057626110e+02
    8.398546869226720e+01
    1.193703838567194e+02
    9.584073588050842e+01
    8.105905350833496e+01
    5.568037640151601e+01
    1.059580000715698e+02
    1.317708900451248e+02
    8.281706846398492e+01
    1.530893760655874e+02
    1.426580701810724e+02
    9.869972764708962e+01
    1.093838001001791e+02
    8.626292608853987e+01
    5.505655806446384e+01
    1.460698642547374e+02
    8.411294164327956e+01
    7.859158375264030e+01
    9.888653000599561e+01
    8.507689112264302e+01
    1.054044044824929e+02
    1.025236295616122e+02
    9.825906917632096e+01
    7.978902855166154e+01
    8.888679191314452e+01
    1.199188823764086e+02
    6.565299162796748e+01
    5.433947521043876e+01
    9.587945961012508e+01
    6.962503721481085e+01
    3.175339466396736e+01
    4.205526683830726e+01
    1.019506643915122e+02
    8.642793705404699e+01
    5.745467626065476e+01
    8.928206269567852e+01
    1.115407555024609e+02
    1.431403135372869e+02
    9.915813527849537e+01
    1.084756816473868e+02
    1.071026376873584e+02
    1.000096445754571e+02
    7.597836134578415e+01
    8.145834467767145e+01
    1.279160132645302e+02
    6.741308404850940e+01
    1.012180123792967e+02
    6.233383016488688e+01
    1.194222063409114e+02
    1.179558048854648e+02
    1.265904567250709e+02
    8.295004013245887e+01
    6.451195688173527e+01
    1.013848887143297e+02
    8.243701465614436e+01
    8.113636915322729e+01
    6.941126565371803e+01
    1.150859863491820e+02
    8.721862403244813e+01
    1.454366189969329e+02
    1.134262503056465e+02
    7.683350812856247e+01
    8.296183643840095e+01
    1.317056362483993e+02
    1.134901541453382e+02
    9.539218052110186e+01
    7.869780679972223e+01
    7.096696070144731e+01
    6.433560665606024e+01
    1.672881136942249e+02
    8.603131896557215e+01
    1.366705657659497e+02
    9.961574146737348e+01
    1.033073652464384e+02
    7.792648931192048e+01
    9.523708562862225e+01
    1.097615105735417e+02
    8.762985287753963e+01
    1.611382063432927e+02
    8.149644021327163e+01
    1.064783830868384e+02
    7.147694958933926e+01
    1.052342718332136e+02
    9.751079975090192e+01
    9.424736608967009e+01
    1.003538618101754e+02
    1.070507023539426e+02
    7.733152744565928e+01
    8.601378787796762e+01
    7.758316303283323e+01
    1.616036136322532e+02
    1.131659175610264e+02
    8.009531055664638e+01
    9.734854831794451e+01
    1.385757916088710e+02
    1.027237708102689e+02
    9.506215665537638e+01
    1.101653327301813e+02
    1.063557121810811e+02
    1.526528694700653e+02
    1.037463375984657e+02
    6.134341300929805e+01
    6.572601272080306e+01
    1.116112933089858e+02
    7.150932752046060e+01
    1.437022239585281e+02
    1.481459683245487e+02
    8.514381598000114e+01
    1.473363456372942e+02
    1.392880762661525e+02
    1.322671708136750e+02
    8.853439626720160e+01
    1.227292461118077e+02
    4.601942668186325e+01
    7.735330478207857e+01
    9.164998622912776e+01
    1.415290144675487e+02
    1.650764160902088e+02
    4.349479818959594e+01
    9.068713624514203e+01
    6.988928389478815e+01
    1.090017374456249e+02
    7.406152366573338e+01
    8.282241560957004e+01
    1.168088774647185e+02
    4.934665003295322e+01
    6.372078058965030e+01
    1.367087694189286e+02
    9.717479676272092e+01
    6.333377688299720e+01
    9.853234892871910e+01
    1.035115105812599e+02
    1.174564309231778e+02
    3.631803925405961e+01
    9.445782983762115e+01
    9.756159828211366e+01
    1.154651179539428e+02
    8.821069091951813e+01
    7.155855088314865e+01
    1.139897117929593e+02
    6.352847113652956e+01
    1.087287011600949e+02
    9.713445222018777e+01
    8.654497959620471e+01
    1.846134025797778e+02
    1.273625898273906e+02
    1.112898512333652e+02
    1.035663541862164e+02
    1.199698751865549e+02
    1.064435511277452e+02
    1.407674766959190e+02
    1.001659839766546e+02
    8.270930168255518e+01
    8.638645704166152e+01
    8.360340891172541e+01
    1.263545506826961e+02
    1.569615406407684e+02
    1.115466277240944e+02
    5.950664032945724e+01
    1.146319922676014e+02
    1.316599986469134e+02
    6.838343940137975e+01
    1.115817971294382e+02
    8.399904207792815e+01
    9.055596185744093e+01
    8.347932659464618e+01
    7.600600427258314e+01
    1.391148561097543e+02
    1.163433625698292e+02
    1.248556786003610e+02
    1.058462335038860e+02
    8.717779383122206e+01
    8.855124456900853e+01
    9.108132210334816e+01
    2.005747060922420e+02
    1.093393707709834e+02
    8.988290837592444e+01
    9.676670705270908e+01
    6.898717312487520e+01
    1.523562081330397e+02
    1.009311171769571e+02
    9.837878837699122e+01
    1.510315206190603e+02
    5.033912804279680e+01
    1.142174695001017e+02
    1.294869871602816e+02
    1.154100975140614e+02
    1.015941513174732e+02
    9.246819566819795e+01
    9.764137859083689e+01
    8.608779714610023e+01
    1.183115495964103e+02
    8.174061888947449e+01
    7.836752189911977e+01
    1.091920692933661e+02
    1.403969105902320e+02
    8.622691835348746e+01
    8.433848639390590e+01
    8.406489220104163e+01
    1.135019633147238e+02
    9.520383548043469e+01
    1.079835679798896e+02
    1.052701094927875e+02
    8.873481017874951e+01
    1.129948954752717e+02
    8.916835427559931e+01
    9.624843341430164e+01
    1.266664346514892e+02
    1.430653535443571e+02
    1.053557997691496e+02
    1.314274693811728e+02
    9.982712961024845e+01
    1.121813024018900e+02
    1.347452856690302e+02
    1.111346399165234e+02
    8.762003730315541e+01
    9.020557554704624e+01
    7.392263684413024e+01
    8.080508615639701e+01
    9.208435518215538e+01
    1.337189739523603e+02
    8.817981802651161e+01
    7.598417629527944e+01
    8.699038205451643e+01
    8.661428385346312e+01
    7.758664833687817e+01
    1.153677390838300e+02
    1.194615561203216e+02
    1.433852252506756e+02
    1.040082996184253e+02
    6.616408592320226e+01
    7.943853788043498e+01
    1.454257168775803e+02
    1.202726498906145e+02
    1.269708448534391e+02
    9.641007159364676e+01
    1.108822013187626e+02
    9.713680683238067e+01
    6.981532694464249e+01
    1.003362933980475e+02
    1.113495078835774e+02
    9.557011062310494e+01
    1.044942729930722e+02
    9.905969942516549e+01
    7.833267961965589e+01
    8.124841498477508e+01
    6.263156223904616e+01
    1.201283479568974e+02
    1.190022274110152e+02
    1.279022408426499e+02
    7.673795506761167e+01
    1.167984474113211e+02
    1.243309199186206e+02
    1.350765552339442e+02
    7.446347510299233e+01
    1.278065180834778e+02
    7.535968897773046e+01
    7.663974752992885e+01
    8.318705313006035e+01
    1.207763318148125e+02
    5.093654822266330e+01
    1.115086859248390e+02
    1.043689808496106e+02
    5.142156603925400e+01
    5.056803095311693e+01
    7.392995492541672e+01
    9.433058401564949e+01
    8.966963046356000e+01
    1.091360931406518e+02
    1.044733663873592e+02
    8.574617230076456e+01
    6.429507662168476e+01
    1.197942097002124e+02
    1.097602665729664e+02
    8.558465490062190e+01
    9.627659398836727e+01
    9.324800605567930e+01
    1.037978325125835e+02
    9.622756636960276e+01
    8.527754973038782e+01
    1.343770247396128e+02
    1.151572890654904e+02
    1.153244213324683e+02
    9.445651199179679e+01
    7.794362743086367e+01
    8.708625203208612e+01
    1.091777056859269e+02
    7.172346990391929e+01
    1.402364698651650e+02
    1.274056578719217e+02
    1.168181069719094e+02
    5.585836876977396e+01
    9.452145644595362e+01
    1.605502372974979e+02
    1.227529895366274e+02
    1.200692732716391e+02
    9.707467969217987e+01
    8.043201559398540e+01
    8.923702745456239e+01
    1.326622510527545e+02
    1.250490239666237e+02
    8.836755693627424e+01
    1.433700237868550e+02
    7.347784629975990e+01
    1.117710986892257e+02
    1.113051107728404e+02
    9.783946406516293e+01
    1.030377422082290e+02
    9.797295468486141e+01
    9.635580408851297e+01
    1.130882842663277e+02
    1.549900621941936e+02
    1.075934185818483e+02
    9.836581202204343e+01
    7.725739748937372e+01
    1.134189009167346e+02
    9.895870033220717e+01
    7.890764988026262e+01
    1.023015312764096e+02
    8.887069397866981e+01
    1.146992825857342e+02
    1.182991871576451e+02
    7.353889008525243e+01
    9.957215014023745e+01
    7.375927353447537e+01
    9.730911935259542e+01
    7.686472244296624e+01
    8.671143890156713e+01
    1.415023069810002e+02
    9.349378536039580e+01
    1.375164416017617e+02
    1.358673955405914e+02
    1.383158513145838e+02
    9.342776987458024e+01
    1.188094827379086e+02
    1.642216117994417e+02
    1.108265508418754e+02
    6.115855486363216e+01
    9.053419258272925e+01
    1.046569742733766e+02
    1.245478131696939e+02
    1.131418944209031e+02
    9.152728352971849e+01
    8.317533691326616e+01
    6.814472609815539e+01
    9.105402883389047e+01
    1.044329561671611e+02
    1.036721965480638e+02
    1.028897593568604e+02
    1.001444913207195e+02
    1.085941291464712e+02
    1.481882472695111e+02
    7.335222050078301e+01
    1.173848204146475e+02
    1.109482255488069e+02
    5.667170379118716e+01
    1.243480317281126e+02
    7.854935571389547e+01
    8.664427078772292e+01
    9.099972745902960e+01
    7.559337308365457e+01
    1.033311155442186e+02
    7.956630763409748e+01
    5.832208695682425e+01
    8.125474576617762e+01
    8.854806310221647e+01
    7.761601268897721e+01
    1.022120504119368e+02
    5.762212995667483e+01
    6.015264746079652e+01
    1.118740424178179e+02
    8.012117446287789e+01
    1.297173546974477e+02
    9.631413246299189e+01
    6.101413175962875e+01
    1.306225359836674e+02
    1.513021262375662e+02
    8.199618312103667e+01
    9.005986855683886e+01
    9.225385641539333e+01
    7.346778511442835e+01
    6.300486167206486e+01
    1.233665352443211e+02
    1.470865341638614e+02
    6.048583680237130e+01
    1.049822500207335e+02
    6.368214325965482e+01
    1.207726398344107e+02
    1.272432144910817e+02
    1.279824851157468e+02
    1.246340967219737e+02
    1.246471584254937e+02
    8.601950380776998e+01
    8.979928644022948e+01
    9.071059903371292e+01
    9.511011080270919e+01
    7.581961461277160e+01
    7.827323644785338e+01
    8.340194996863488e+01
    6.772449458499864e+01
    5.470089664962984e+01
    7.986098359780044e+01
    9.871862513634824e+01
    8.971431298526113e+01
    8.813383294439745e+01
    9.752994154665089e+01
    1.624662704068953e+02
    1.373539832681195e+02
    1.467722660484310e+02
    8.173696781700301e+01
    8.829865416041002e+01
    1.112142382886827e+02
    1.276712004519811e+02
    1.190586547394162e+02
    9.801940597553539e+01
    8.614660185712978e+01
    1.330905961105566e+02
    6.620368917947417e+01
    5.551824220663434e+01
    1.057765225744834e+02
    7.897380990552278e+01
    1.483348561603430e+02
    7.194528609341887e+01
    7.957439499249858e+01
    9.249899152276271e+01
    9.846861131153673e+01
    1.217401295887828e+02
    8.352289755448737e+01
    1.256729462493263e+02
    1.126584583980002e+02
    8.730592544573483e+01
    1.046226381744361e+02
    1.230971943897964e+02
    1.275882995067889e+02
    1.442399012336966e+02
    8.525906450715866e+01
    1.011613795059998e+02
    1.129910406141346e+02
    1.102822449972825e+02
    5.925259681981174e+01
    1.157755174573026e+02
    1.038832876351842e+02
    7.737694387218085e+01
    8.343058152942717e+01
    1.043638289985256e+02
    7.628645760368840e+01
    1.049484424853688e+02
    1.163037748431907e+02
    1.118559434812187e+02
    1.036220997535145e+02
    9.170783482448087e+01
    1.525608611550751e+02
    1.030043873476075e+02
    1.369762662011885e+02
    1.415075559628485e+02
    1.014407041931554e+02
    1.242468784149196e+02
    1.062466953049659e+02
    9.717152280329515e+01
    6.372311826701775e+01
    9.880053688019302e+01
    1.267672816599122e+02
    7.193805604571935e+01
    1.112700888954635e+02
    9.372051693612207e+01
    7.284408435653177e+01
    1.073776383339293e+02
    8.619336409704943e+01
    1.401408772730372e+02
    9.186203765430150e+01
    6.819472738208560e+01
    5.739337049536516e+01
    7.098850275511381e+01
    6.914481011699763e+01
    1.121459802827849e+02
    1.530289953638578e+02
    1.016208811478270e+02
    7.361903852318505e+01
    7.380780867854014e+01
    1.183704768041798e+02
    7.131004059808902e+01
    9.618866527780483e+01
    6.968890726095196e+01
    9.254045897070455e+01
    1.346859672553535e+02
    1.297754455171980e+02
    9.382951581624411e+01
    1.305499350782338e+02
    1.146667002563925e+02
    6.094355547826126e+01
    8.093867448175160e+01
    1.203139908136427e+02
    1.565769670942450e+02
    1.114675625357540e+02
    7.574804701611583e+01
    1.376443824324383e+02
    6.872285141682141e+01
    6.916388996171918e+01
    5.882718948354182e+01
    1.457024532858702e+02
    8.789527009524249e+01
    1.380688166897096e+02
    1.037049955840564e+02
    1.372950857083572e+02
    1.385591434622654e+02
    1.029950905480030e+02
    1.111279977551430e+02
    6.150320652054802e+01
    1.055383639448723e+02
    5.808453600153143e+01
    9.971432766983867e+01
    1.093896551340322e+02
    8.097688978250972e+01
    1.024600087387250e+02
    9.204543586778414e+01
    7.943959679184331e+01
    1.352738587128067e+02
    7.718879083576212e+01
    8.897680454972033e+01
    8.738812112913138e+01
    1.095601304186812e+02
    1.034660673991971e+02
    7.356528382513829e+01
    1.126480120978272e+02
    7.952881252775910e+01
    3.283685998992041e+01
    6.642715748538876e+01
    6.578656128251509e+01
    9.546482459274102e+01
    8.438247895104382e+01
    1.255802131055702e+02
    1.070156227350230e+02
    9.360922017926441e+01
    6.429052526437204e+01
    1.013134796553265e+02
    8.507628543622673e+01
    1.177345218712765e+02
    9.883865529189052e+01
    7.690648870422706e+01
    1.677837692522485e+02
    6.676961770463549e+01
    1.016838040482878e+02
    9.045212186951971e+01
    1.038389805275199e+02
    1.100422706417783e+02
    7.091943259635855e+01
    6.331443161451261e+01
    9.730213897506928e+01
    1.148719430383426e+02
    9.119809166140271e+01
    1.226185029749809e+02
    1.136687324239642e+02
