    7.497512862587915e+01
    1.050652557556871e+02
    1.114599221136207e+02
    7.413180370308406e+01
    1.016027378704788e+02
    1.013992170788347e+02
    8.909716317695627e+01
    7.597290129820783e+01
    1.036770941053239e+02
    7.490334960157222e+01
    6.715685749092511e+01
    1.317378249846132e+02
    9.791045403138432e+01
    8.434153996315180e+01
    7.033244149687221e+01
    1.021973403119464e+02
    6.422249145396179e+01
    1.022111148055488e+02
    8.694361575744580e+01
    7.915578980141242e+01
    8.486989643164893e+01
    1.122919058585990e+02
    7.680094962848848e+01
    7.437165737870347e+01
    5.928995148414494e+01
    9.351718056525567e+01
    5.786667394077266e+01
    1.053394693446463e+02
    8.427830883227165e+01
    1.175947489678938e+02
    9.369496593641196e+01
    1.274631372639838e+02
    1.435868103088735e+02
    6.800743267889402e+01
    6.120358780315044e+01
    1.751566921446290e+02
    8.075693793816832e+01
    9.054312638041168e+01
    7.715340852200463e+01
    9.981539490743792e+01
    9.563145909701468e+01
    1.127572928002061e+02
    1.375459265273155e+02
    1.235147420069831e+02
    9.938961689813659e+01
    8.053366574864505e+01
    1.153293051154127e+02
    9.401826577566780e+01
    1.179391543438530e+02
    7.913115236447048e+01
    6.805464309157692e+01
    1.393710025440714e+02
    1.257321430440219e+02
    1.245480538040054e+02
    1.018044362722115e+02
    1.109975504105564e+02
    1.134091699641550e+02
    1.027479055711676e+02
    7.359012536134188e+01
    7.527049878943792e+01
    7.278552080610282e+01
    9.696538511725080e+01
    1.285420315138454e+02
    9.469585316450953e+01
    1.586015704703942e+02
    9.806864659112691e+01
    8.439968641129951e+01
    8.118779732850172e+01
    1.148391364868429e+02
    6.295831791583581e+01
    1.309078306487950e+02
    4.037678699599269e+01
    8.213992561359262e+01
    5.188577602748680e+01
    1.556347475296539e+02
    8.197015822169845e+01
    1.261236263407015e+02
    8.535802460549220e+01
    8.109426350485791e+01
    7.861928814324514e+01
    1.282104921413170e+02
    1.162192148537682e+02
    6.498298682680598e+01
    9.884287467524587e+01
    1.239439022727154e+02
    6.789478257328526e+01
    1.026535259848444e+02
    1.048274080395773e+02
    9.534008180679209e+01
    1.084577773389159e+02
    9.494692089206353e+01
    1.430146528561451e+02
    6.495664430160446e+01
    8.569913568082796e+01
    8.528514680542102e+01
    5.476870409476589e+01
    7.982644261993173e+01
    8.428715942209365e+01
    8.995900878946244e+01
    4.966145932731081e+01
    5.616787990717185e+01
    8.398823758469590e+01
    1.276217565872557e+02
    6.150670533412509e+01
    1.144349043225888e+02
    1.006233885077035e+02
    1.530927778302927e+02
    6.080891349151614e+01
    8.953492714736015e+01
    9.327283289701555e+01
    1.025303159506163e+02
    8.728301286695512e+01
    1.227259295698519e+02
    9.231986675322474e+01
    8.475410230637877e+01
    9.513278939208831e+01
    9.041093753866363e+01
    1.128366693621970e+02
    9.027062385425424e+01
    8.430442282307880e+01
    4.797269495033305e+01
    1.732503120214280e+02
    9.393104777137992e+01
    9.207057316858695e+01
    1.212934820483638e+02
    9.387813600082282e+01
    9.802704436197331e+01
    1.123184996618262e+02
    1.055707933435536e+02
    5.760062619880983e+01
    1.005363178259279e+02
    9.531232547629173e+01
    7.873247548411825e+01
    1.364524030218001e+02
    1.483486801322152e+02
    9.939200305465135e+01
    1.446122358229772e+02
    7.983859276589328e+01
    1.033057920910895e+02
    1.103147667251446e+02
    1.008836482656858e+02
    1.217555590211012e+02
    8.828686791752858e+01
    1.190422322377435e+02
    9.920263761657139e+01
    1.293490291618343e+02
    7.066986591920028e+01
    7.042989485690981e+01
    1.357543038716582e+02
    1.014778724120146e+02
    1.159635933470761e+02
    9.812930736017393e+01
    7.967238570563353e+01
    1.110039519607125e+02
    1.297017134933188e+02
    1.544610807395270e+02
    1.058422345459894e+02
    7.570209960234791e+01
    1.213070949886270e+02
    1.442781620791922e+02
    8.827579628958460e+01
    1.006961013308464e+02
    1.142058464429149e+02
    8.654961325079995e+01
    8.455752894850349e+01
    7.742074699732512e+01
    6.811111877098000e+01
    1.148833934420901e+02
    9.990337002251351e+01
    1.022462272485402e+02
    1.150588237985463e+02
    1.573833700877248e+02
    1.168171001406316e+02
    7.269496496576238e+01
    1.098127231273480e+02
    9.627458446689104e+01
    1.028346557886562e+02
    5.971419031962853e+01
    9.091331477180887e+01
    8.867946610349492e+01
    1.345253546284889e+02
    9.789712612232279e+01
    1.234995735170628e+02
    1.341661839552231e+02
    1.026519547240829e+02
    1.165215083755331e+02
    1.057660423353394e+02
    1.249450904114227e+02
    1.266019183793705e+02
    5.308949755056659e+01
    1.108786542238650e+02
    1.021714496504913e+02
    1.410016709355324e+02
    8.773875018754097e+01
    8.760299656522818e+01
    8.418555246745484e+01
    1.004032365184472e+02
    1.004916814538794e+02
    1.249015673379452e+02
    1.080900669583968e+02
    1.328200732800346e+02
    4.887828914915957e+01
    7.913376024895967e+01
    7.518542793205341e+01
    7.146247776164017e+01
    9.354651712246323e+01
    1.010964223991246e+02
    1.128331868382341e+02
    1.089824789808702e+02
    8.802592819878100e+01
    1.544953994639926e+02
    8.497506995294060e+01
    1.009200989440166e+02
    4.835849852315761e+01
    9.143904865065537e+01
    6.066435123157873e+01
    8.262584350861317e+01
    9.751956538697698e+01
    1.176086920662914e+02
    9.856592407345374e+01
    1.112686691842117e+02
    1.417615952990795e+02
    1.517191059309960e+02
    6.367644307177471e+01
    1.188657805091751e+02
    1.207920602697149e+02
    6.613207758905332e+01
    1.483804464949628e+02
    8.003372368344884e+01
    1.344907396338206e+02
    1.106856532215576e+02
    1.169498279882592e+02
    1.566006467777029e+02
    7.580967006488038e+01
    7.760539935778013e+01
    7.958057220939565e+01
    1.136696072266005e+02
    1.304815064915627e+02
    8.374958404837230e+01
    8.080961389605420e+01
    1.359919027057498e+02
    1.081460203431865e+02
    5.705120150669700e+01
    5.702475859761876e+01
    1.064036896291012e+02
    1.172692818429755e+02
    1.082798457555691e+02
    1.143558851178082e+02
    8.056663735684651e+01
    1.086717501882899e+02
    1.185926720130945e+02
    8.853400519769252e+01
    3.010857860271472e+01
    1.197586170402460e+02
    1.094226102263210e+02
    1.455549656569505e+02
    7.948621322853626e+01
    8.022556715394728e+01
    9.834005907958954e+01
    1.274163285241372e+02
    1.087179364545227e+02
    7.763961895581303e+01
    1.402061388450119e+02
    1.371046183155613e+02
    1.486023323781137e+02
    7.110358178459592e+01
    9.674558020377958e+01
    1.292603913229465e+02
    8.151611194873055e+01
    8.761623427794063e+01
    1.192967139306199e+02
    1.227886752663113e+02
    6.554908769491419e+01
    8.654790065179895e+01
    1.435372891735818e+02
    6.736837729047693e+01
    7.970999653220190e+01
    8.286167978160222e+01
    8.601242107576581e+01
    1.152454233345361e+02
    1.475461221263930e+02
    1.575391710762614e+02
    1.011599252922099e+02
    8.174944472771472e+01
    7.302843623019385e+01
    1.283891843809744e+02
    1.212286645896529e+02
    1.032849304576541e+02
    6.504061073471576e+01
    9.528225543778262e+01
    4.951988846021948e+01
    8.607492851081872e+01
    1.219117158603399e+02
    7.350244754895925e+01
    1.079212849809699e+02
    8.080269390350622e+01
    1.381223305470377e+02
    5.398431256037782e+01
    9.232242853963328e+01
    1.154440826447137e+02
    9.548550568378516e+01
    1.118498597272725e+02
    1.055995315821099e+02
    1.150087522289459e+02
    1.176829421404898e+02
    7.765459074958244e+01
    3.398082947018850e+01
    5.934650735890841e+01
    9.381628641964255e+01
    1.114751147345760e+02
    1.239015916005997e+02
    8.988854309827843e+01
    1.328155355094532e+02
    9.453794319500844e+01
    1.054892580226493e+02
    1.137968953284428e+02
    6.546987333813604e+01
    1.327910915276158e+02
    1.108049080711800e+02
    8.857600026904834e+01
    1.270935661235143e+02
    1.173927030998055e+02
    1.162628610443028e+02
    1.119517689695874e+02
    8.794496567498982e+01
    1.584339176298784e+02
    8.514444707756525e+01
    7.253786483306214e+01
    1.029294732825656e+02
    4.487066818005133e+01
    1.083779085977545e+02
    1.394110395105287e+02
    9.418278245809461e+01
    1.013526671623515e+02
    1.005432231075491e+02
    1.176991544317207e+02
    1.094778544398241e+02
    4.057445181252831e+01
    6.629141773584877e+01
    9.579041492288013e+01
    5.103541680038688e+01
    9.593851675642156e+01
    1.198656194975928e+02
    1.145589092820546e+02
    3.435709254924973e+01
    1.450481281866530e+02
    9.381124894456264e+01
    1.146856399288822e+02
    8.989172066022206e+01
    9.416821150330804e+01
    1.582012333821058e+02
    9.323367429956704e+01
    8.271791501651251e+01
    1.367214330864289e+02
    6.799261920760216e+01
    1.019330268859818e+02
    1.253888035964400e+02
    1.048051202785859e+02
    1.158893724857745e+02
    5.873909360733080e+01
    8.471390071004180e+01
    7.369227840222322e+01
    1.153307263194534e+02
    1.422016821562318e+02
    1.517526388290588e+02
    9.677297299841996e+01
    9.926344459266886e+01
    9.586197926885802e+01
    1.033211282506915e+02
    1.267158427585383e+02
    9.306680496689694e+01
    7.199181127205179e+01
    6.836783430716252e+01
    7.857898040649616e+01
    7.453911553904845e+01
    8.274926212262585e+01
    1.307294968403949e+02
    1.124675374357929e+02
    1.018369495772890e+02
    8.709523529214948e+01
    9.792465900965169e+01
    1.135226731104859e+02
    9.970472236567900e+01
    1.076189967550812e+02
    8.032911182464204e+01
    1.063769684811069e+02
    1.260051428121284e+02
    6.745274646366056e+01
    1.335583343866904e+02
    1.146875376045170e+02
    8.998074966144770e+01
    1.328811906526266e+02
    7.549827648153439e+01
    1.138627343637370e+02
    7.102488299166282e+01
    9.121710434440615e+01
    6.245207425920512e+01
    1.189302795081636e+02
    1.142736670662799e+02
    1.247393659455383e+02
    1.132592577611700e+02
    8.444504331189080e+01
    9.721001028605485e+01
    9.975169525000865e+01
    8.977455738849642e+01
    1.407566562082815e+02
    1.279154755816893e+02
    7.116200009348290e+01
    1.244900288717776e+02
    1.340384401740505e+02
    1.212247978892469e+02
    1.063643464751880e+02
    1.547385188173189e+02
    1.298920476032526e+02
    8.788963479910421e+01
    5.944958737819604e+01
    7.698657994752978e+01
    5.268583341815315e+01
    5.133260969918297e+01
    1.007918871116135e+02
    1.366737655420337e+02
    5.145858028453972e+01
    1.125822728644511e+02
    1.337355673648898e+02
    9.736102376181066e+01
    8.804449782782171e+01
    6.550886390031735e+01
    7.986665671071989e+01
    1.227153018824191e+02
    9.802621676396427e+01
    1.123735115550414e+02
    6.788380527499044e+01
    8.629197976687692e+01
    1.294275450422003e+02
    1.300089345676304e+02
    9.170614551263611e+01
    7.354496755799630e+01
    8.702242540597410e+01
    1.246472005881742e+02
    1.029133961268235e+02
    1.015741223393428e+02
    9.509499925741295e+01
    9.731544460465727e+01
    8.865093923681741e+01
    6.666946399918913e+01
    1.219759629142902e+02
    9.047771442834971e+01
    1.463701046563568e+02
    8.655873130232521e+01
    1.176008702134385e+02
    9.296392051127157e+01
    6.306987586716843e+01
    7.099292259121455e+01
    1.126287754998611e+02
    8.573662195081965e+01
    1.325212152553689e+02
    1.019475463332719e+02
    6.891608481190076e+01
    7.810596877956584e+01
    1.031493635129465e+02
    1.223277705787223e+02
    9.156072269164781e+01
    9.721608739771511e+01
    1.145967092724277e+02
    1.171148496169610e+02
    8.724585585571504e+01
    1.547271416339640e+02
    1.006191589712978e+02
    1.056558490832350e+02
    1.174622771260618e+02
    6.656225592742373e+01
    6.674383685228122e+01
    5.977956660496716e+01
    9.175993927434945e+01
    1.429773019846851e+02
    1.138660177627952e+02
    7.277410841048493e+01
    8.966597664581798e+01
    9.611371631062980e+01
    1.093037819170428e+02
    9.645226201941171e+01
    1.268446439414788e+02
    1.089683578752738e+02
    4.092552579754397e+01
    9.264331317467622e+01
    9.852724998136580e+01
    8.537449091859060e+01
    9.661986271269200e+01
    8.008414886328183e+01
    1.049124228223246e+02
    6.724895999691512e+01
    8.696999805063911e+01
    1.110683957726854e+02
    1.023649562097029e+02
    9.157470304441119e+01
    7.307376830498242e+01
    1.033853656178269e+02
    9.451889810381886e+01
    5.918450904853898e+01
    1.425628684980722e+02
    8.711319868058752e+01
    1.194464500890751e+02
    1.063868096281942e+02
    5.875981410844929e+01
    9.443375314780042e+01
    1.256160963776830e+02
    1.191300928114856e+02
    1.116464607234821e+02
    1.169603196562076e+02
    1.291213693930325e+02
    9.345623798025770e+01
    1.061705899491875e+02
    7.283392884450109e+01
    1.204557574038233e+02
    9.231001956259433e+01
    1.404599199243989e+02
    1.209249366542099e+02
    1.097123754988820e+02
    9.080180188718259e+01
    8.359907910306674e+01
    6.479153801799157e+01
    1.285931593424641e+02
    9.661297943016507e+01
    1.420762971883210e+02
    1.174606002160078e+02
    1.027309949892356e+02
    9.786653694716506e+01
    8.247027757215960e+01
    1.058205492609852e+02
    6.716824083612210e+01
    1.017032249746762e+02
    1.269907471536999e+02
    8.988974589480108e+01
    8.543517560391479e+01
    8.160473389490562e+01
    9.774963355217778e+01
    1.308567553004480e+02
    9.078097720806795e+01
    9.691911179462295e+01
    1.711314946007735e+02
    6.001348000293888e+01
    1.243155749315838e+02
    1.222666539961335e+02
    8.889110187933625e+01
    1.099653497800557e+02
    8.079762492768054e+01
    5.132713554968063e+01
    1.220545302213202e+02
    1.248861786059729e+02
    7.143974110705358e+01
    7.819724126932442e+01
    1.204922888554142e+02
    1.432778084190170e+02
    7.150879872324026e+01
    1.195111840932100e+02
    1.148196750103568e+02
    1.021599730427999e+02
    8.260048697284560e+01
    9.571633741554365e+01
    1.264013111191491e+02
    9.254104570130153e+01
    8.943164552901067e+01
    1.143598867971286e+02
    1.121290301599925e+02
    1.399692028696472e+02
    1.120456307151130e+02
    1.206894765260949e+02
    1.155650122159818e+02
    1.173047538345747e+02
    9.055658198790866e+01
    1.173156730076460e+02
    7.241603153068922e+01
    9.058092272645126e+01
    1.051394515955599e+02
    8.910825248134756e+01
    1.366246672021407e+02
    9.949461383624225e+01
    1.115686339585602e+02
    8.774118128462987e+01
    8.054690116028723e+01
    7.477969880648402e+01
    7.637043499003425e+01
    1.013028828698577e+02
    1.137611783473676e+02
    7.245027076273686e+01
    6.565016431610957e+01
    7.254151515478839e+01
    1.186108800370482e+02
    1.229110784167983e+02
    9.807370125741613e+01
    1.110185373373281e+02
    4.834266049076859e+01
    8.309443360060413e+01
    1.216295883347925e+02
    9.061009825212409e+01
    9.719174989556564e+01
    8.721539005166505e+01
    1.023910627781743e+02
    1.061918633842185e+02
    9.607353616079649e+01
    6.193817511672023e+01
    8.302452459685014e+01
    9.424542472494181e+01
    1.471391925776300e+02
    1.314107675661319e+02
    1.085494898773504e+02
    6.199350398738488e+01
    9.321550347472339e+01
    5.487650195653600e+01
    9.729449791870024e+01
    1.493152083956056e+02
    1.216078162228700e+02
    1.059738095971056e+02
    9.214152829510226e+01
    7.982014267238355e+01
    7.299240643382063e+01
    1.160038144555449e+02
    1.215743668338382e+02
    9.336957845270945e+01
    1.078092386218941e+02
    1.253490217590854e+02
    9.767570467987639e+01
    1.061491221359051e+02
    9.094564597005501e+01
    1.039504368709061e+02
    9.030206697863491e+01
    7.944475026545433e+01
    8.706840169489510e+01
    5.988559982415381e+01
    5.045911393130382e+01
    1.112749115396798e+02
    8.100172782166737e+01
    9.075179726926649e+01
    1.399143358880872e+02
    9.095567483025434e+01
    1.295556074545357e+02
    1.227479685808350e+02
    1.546698791592905e+02
    8.431067952095532e+01
    1.619679960852784e+02
    9.579249661171616e+01
    1.399923327041665e+02
    8.836904735927646e+01
    9.273379978944149e+01
    6.873007025153242e+01
    9.572301858416267e+01
    1.354106417556329e+02
    8.094557388343446e+01
    1.235931247027793e+02
    1.155450195673757e+02
    1.101995963388890e+02
    7.713474623978072e+01
    9.787789698651181e+01
    8.674277942439176e+01
    9.003759240554132e+01
    7.522617425213639e+01
    7.946545583947113e+01
    8.440092520140070e+01
    7.031019287258687e+01
    1.402206844239447e+02
    8.217032416422967e+01
    1.167298329491064e+02
    5.975700755782213e+01
    7.698873934488347e+01
    1.158798225509349e+02
    1.341618655389277e+02
    9.003757025243999e+01
    6.501523527995005e+01
    1.069230430888990e+02
    1.067250476695267e+02
    9.501162315186320e+01
    1.050314896003749e+02
    7.750645084518510e+01
    9.439651948708388e+01
    8.042368960767362e+01
    1.078874528833671e+02
    1.257352118210235e+02
    8.737715209529142e+01
    1.148534545876350e+02
    1.052390877192772e+02
    9.527315250441347e+01
    1.089167269623670e+02
    1.150039797539955e+02
    1.058006082363045e+02
    1.483385778843808e+02
    7.877792624525568e+01
    1.213898769364300e+02
    8.739147316968456e+01
    1.200365816679539e+02
    7.741188476663524e+01
    1.414367019438941e+02
    9.256747129363589e+01
    8.537252956034308e+01
    8.769978073071911e+01
    1.171909669181230e+02
    1.169052100820909e+02
    1.408067165204545e+02
    1.343898901520765e+02
    1.074533201209169e+02
    1.293588711185294e+02
    7.420456239571081e+01
    7.575302154719793e+01
    8.787493797180218e+01
    6.215965784205764e+01
    5.072156699438210e+01
    8.003814463223989e+01
    9.115863442620821e+01
    1.151121495437792e+02
    1.269213202337676e+02
    1.001676116793283e+02
    1.016376268707370e+02
    8.398723201820758e+01
    1.291880840770193e+02
    6.227358844044147e+01
    8.146351166805857e+01
    9.852457888922800e+01
    6.149428191885704e+01
    7.166795660299613e+01
    9.799644031067146e+01
    9.306350689225951e+01
    1.259413241332265e+02
    7.565611089662866e+01
    1.237632411365860e+02
    5.249823388962909e+01
    7.767070112480155e+01
    9.846602640034007e+01
    1.244621193870330e+02
    1.200556984662285e+02
    1.328411094725118e+02
    7.012889935997237e+01
    1.226697645951128e+02
    1.200032479565596e+02
    1.172589762142661e+02
    9.499948100284996e+01
    1.163826039908736e+02
    1.162381319983456e+02
    7.405197344245948e+01
    7.278962682475481e+01
    1.418186728452565e+02
    1.190841635113225e+02
    1.348758596506218e+02
    1.188959860313810e+02
    5.995169039045436e+01
    1.389027305900981e+02
    9.748729346743175e+01
    8.692576839818116e+01
    1.132430928477129e+02
    1.011032498398299e+02
    1.299269444855668e+02
    1.209516168720631e+02
    5.888381330139737e+01
    9.811742755591013e+01
    1.165714628502701e+02
    9.229578477728865e+01
    1.241170226869406e+02
    8.734369100173581e+01
    6.726446141696442e+01
    1.241314186495924e+02
    1.183226974164768e+01
    8.572688930909408e+01
    1.016763688952733e+02
    7.948155393366278e+01
    9.340614089288465e+01
    1.318567439314734e+02
    8.199373297397983e+01
    9.300985074483265e+01
    1.127577349042201e+02
    1.178766287713506e+02
    1.167278215278372e+02
    8.635002141432096e+01
    1.018354002808667e+02
    9.293563221619024e+01
    5.990768510773592e+01
    9.415148967587925e+01
    1.104165595691597e+02
    9.143104328230379e+01
    8.481028701857554e+01
    1.278924508206967e+02
    1.160205194418552e+02
    1.159456490139269e+02
    8.137121831967875e+01
    1.174549813461090e+02
    6.269895892517980e+01
    8.023091216921557e+01
    1.316846254486927e+02
    1.505520355502176e+02
    9.840949938759081e+01
    1.054259266905069e+02
    1.428507189446952e+02
    7.568349098438603e+01
    1.306804134008667e+02
    9.184318161717101e+01
    1.261916169351412e+02
    4.104687792924437e+01
    1.067880610368240e+02
    1.016310543666111e+02
    1.214473096033555e+02
    9.959554573834680e+01
    9.521934620793900e+01
    1.354058005916340e+02
    1.007831761257455e+02
    8.010579227858784e+01
    7.114339961646920e+01
    7.280912664553284e+01
    9.418943257405090e+01
    1.323904108450108e+02
    1.395778450144792e+02
    9.071154322266807e+01
    1.131382492557680e+02
    1.372632789883039e+02
    8.931144296052935e+01
    1.173743754879604e+02
    1.676455341367466e+02
    6.541767619381403e+01
    1.398098902678396e+02
    8.991770237362289e+01
    1.179335203204391e+02
    8.147854158711766e+01
    7.688652630686647e+01
    1.251854785373735e+02
    1.501088999589228e+02
    9.137877975762876e+01
    6.541321931189714e+01
    7.894588099092175e+01
    5.295650614956912e+01
    9.383209750276592e+01
    1.190225068769882e+02
    1.407708360821357e+02
    9.530795433341723e+01
    7.175189997694019e+01
    1.278084070458715e+02
    1.088019242913992e+02
    1.368642815269061e+02
    7.996943959507234e+01
    8.049459655324767e+01
    8.670771788944194e+01
    8.971052600396433e+01
    9.291548128102477e+01
    1.302093767151928e+02
    1.430822896511381e+02
    1.417103496083791e+02
    7.304679790984665e+01
    1.352133181735303e+02
    1.560149529403020e+02
    9.227259107545819e+01
    8.591485907406081e+01
    5.417925136041504e+01
    6.926004363984589e+01
    6.995148250548937e+01
    9.189971850604593e+01
    1.181723827442136e+02
    8.355337430168220e+01
    1.168173007935877e+02
    7.519315793317105e+01
    4.946476618956808e+01
    1.362652114285845e+02
    1.273355391588950e+02
    1.120435106377124e+02
    9.310116105237853e+01
    1.017515822645521e+02
    1.016236213666605e+02
    1.046207918031234e+02
    1.517130849087130e+02
    7.022370849893264e+01
    1.055191847622007e+02
    4.732101220694062e+01
    1.063579367464263e+02
    8.931637983617406e+01
    6.499784482143355e+01
    1.430830658323316e+02
    1.230180599016614e+02
    1.246213754463520e+02
    8.629634758282577e+01
    6.792429066384784e+01
    5.895566340028950e+01
    8.607077682187764e+01
    1.090508306182323e+02
    1.384497557204304e+02
    1.293492846788081e+02
    5.668331762663115e+01
    9.049379244107740e+01
    8.930061648261699e+01
    1.328104541298092e+02
    1.379695924814439e+02
    6.283902201625210e+01
    1.039270649600860e+02
    1.259165399643666e+02
    8.932281796347866e+01
    1.727245257320351e+02
    9.423089604999177e+01
    4.423036928411307e+01
    1.322571134730754e+02
    9.397277037514982e+01
    7.723906777108141e+01
    7.424287679066424e+01
    8.161334736242225e+01
    1.056914146423662e+02
    1.325419284669977e+02
    5.005272322838550e+01
    8.122348653191011e+01
    9.658091438592692e+01
    1.231695146681670e+02
    1.165191389405584e+02
    1.183442203303491e+02
    1.257774910458772e+02
    7.730391281306083e+01
    8.283861727404087e+01
    8.432567122327100e+01
    9.978255264124073e+01
    7.995546920074162e+01
    8.634582777842411e+01
    7.842824003628607e+01
    3.664294885434856e+01
    9.960890352100137e+01
    8.650875238848585e+01
    8.553457590396420e+01
    7.875664835370912e+01
    9.821514540021894e+01
    5.637390103692042e+01
    7.100576015074921e+01
    1.294606748209424e+02
    1.242721218289944e+02
    8.138490369337319e+01
    1.245121896161004e+02
    1.373695294175366e+02
    8.904834887366974e+01
    1.673449756178661e+02
    1.081709002568198e+02
    9.966658904766405e+01
    1.049993232061752e+02
    9.647863457806352e+01
    9.835294235230322e+01
    1.341291219945890e+02
    8.258878152625925e+01
    1.029367337368865e+02
    7.895300104800299e+01
    8.558612989640778e+01
    1.033380097147096e+02
    1.048454503192852e+02
    8.072073040247346e+01
    1.045020932665511e+02
    5.687057660478217e+01
    1.418966876961554e+02
    1.430405798478512e+02
    7.182865219757900e+01
    9.214606884544310e+01
    1.226991057971941e+02
    1.020271174562856e+02
    1.301623890453243e+02
    1.549628778809097e+02
    1.045834800742853e+02
    1.082937028791025e+02
    7.284971908988155e+01
    9.946714263348781e+01
    1.407244431185859e+02
    7.057625927150184e+01
    8.309432084855302e+01
    1.452679628867338e+02
    7.949971815803110e+01
    8.620900252445836e+01
    7.724397707271009e+01
    7.665372910855467e+01
    6.704559387023664e+01
    9.541248070241863e+01
    4.216369445710484e+01
    1.081610806719004e+02
    1.155688476017281e+02
    9.784181687886758e+01
    1.168790673758269e+02
    6.114234040112478e+01
    1.308097913664028e+02
    1.331137985789405e+02
    1.068188354295319e+02
    8.670127368610110e+01
    9.207303025555461e+01
    1.024508734118274e+02
    7.838203333572665e+01
    1.204398659864069e+02
    8.797735410009409e+01
    9.282562699867299e+01
    1.249989754721139e+02
    9.228173315161030e+01
    9.409141770804126e+01
    7.817916803169055e+01
    1.698281842571168e+02
    1.139324791402271e+02
    9.002153958425879e+01
    9.202547577789915e+01
    7.118356720053271e+01
    1.267835536903578e+02
    1.125900332489721e+02
    1.117852711867749e+02
    7.323285715991574e+01
    1.341288706763123e+02
    1.000845637453119e+02
    1.348520084079996e+02
    6.248121546818993e+01
    9.854091980888143e+01
    7.008693269627997e+01
    7.957569821010111e+01
