    1.063312675760358e+02
    1.037974061369798e+02
    8.180600970164853e+01
    1.031280195059512e+02
    1.085552607503005e+02
    1.397498679846418e+02
    8.984678492579276e+01
    1.059859396444507e+02
    8.540861979901678e+01
    1.000466043601170e+02
    1.248801378834166e+02
    4.792822511300829e+01
    8.015378075573680e+01
    1.190028217434389e+02
    1.033797124448204e+02
    8.963957919648250e+01
    1.192128654284915e+02
    5.328877421998243e+01
    8.411798612705621e+01
    1.037918010408421e+02
    1.066624385889946e+02
    1.524457288694656e+02
    1.027962665454317e+02
    7.754497813746073e+01
    8.793618262379714e+01
    1.434492141005308e+02
    9.944943977808396e+01
    1.084104850159675e+02
    1.002751231126878e+02
    1.084749066835833e+02
    1.177888104448107e+02
    7.678343141793431e+01
    1.140015101354223e+02
    9.751961360377365e+01
    1.129575611781453e+02
    1.059854384874219e+02
    5.089482757145177e+01
    7.013332747720639e+01
    1.318743029640910e+02
    9.123810313943594e+01
    7.227536140666714e+01
    1.064377952540480e+02
    1.216288321114680e+02
    6.663660380094875e+01
    8.428625681106297e+01
    7.305491537433831e+01
    9.045032351455710e+01
    8.795729108918771e+01
    1.330183236664527e+02
    1.346362926398712e+02
    6.954148332812828e+01
    1.493852626736430e+02
    9.163184538522451e+01
    1.424946107917936e+02
    1.347937570344155e+02
    9.132017812860497e+01
    6.744655828784403e+01
    1.143908276449668e+02
    1.847103452897221e+02
    9.134896836896495e+01
    7.995213675025077e+01
    8.532899103614987e+01
    1.243807893361409e+02
    1.083677776056174e+02
    9.998642437299154e+01
    1.229066607221166e+02
    1.346727822546721e+02
    1.094728597361836e+02
    9.622880089040109e+01
    7.568123629989245e+01
    1.255981493999687e+02
    6.772564317613458e+01
    1.262860440572834e+02
    1.038554296952272e+02
    7.207053687463130e+01
    1.706514862098820e+02
    9.905793556243992e+01
    6.968793035352434e+01
    1.046746972283002e+02
    1.114553314609178e+02
    1.305474328234902e+02
    9.528802011579714e+01
    1.165036444286947e+02
    1.150577328068913e+02
    1.067888529490592e+02
    8.289497900742248e+01
    4.677846689825998e+01
    1.041508864375619e+02
    6.959767343527460e+01
    1.006820150859720e+02
    9.633021996475406e+01
    1.061981392148115e+02
    9.758610167851089e+01
    7.023613945575008e+01
    6.495202785001325e+01
    8.778635174604631e+01
    9.563582729160387e+01
    1.036750088995740e+02
    8.877277847688987e+01
    9.223004745208158e+01
    7.841455424954134e+01
    1.088152613844056e+02
    8.800895479330563e+01
    8.904961414124926e+01
    7.198236655339997e+01
    1.401660549076216e+02
    9.052333776457772e+01
    8.768817194899697e+01
    9.487178803816434e+01
    1.093488723451755e+02
    1.022087010176291e+02
    1.015782648885788e+02
    7.784757146628138e+01
    7.375534207636278e+01
    6.641111586933576e+01
    8.463459039653614e+01
    9.291224565134172e+01
    1.188049358428893e+02
    1.189803088489685e+02
    7.845876092197045e+01
    8.889682299381491e+01
    5.860637777646772e+01
    1.127333281657435e+02
    1.190258746979295e+02
    9.501760744534451e+01
    9.396065051164399e+01
    8.851157861677891e+01
    8.532001087555969e+01
    7.083785652605016e+01
    8.505638390292660e+01
    1.189047215728016e+02
    1.106027068164005e+02
    9.749839679098812e+01
    9.900095936045346e+01
    1.507182380941290e+02
    1.117663438082459e+02
    1.119420742419885e+02
    7.276867780825285e+01
    9.565359674664478e+01
    8.932155607795409e+01
    1.073584771274113e+02
    1.665838834160942e+02
    9.679336011768299e+01
    7.722777790655300e+01
    9.363744420604178e+01
    9.745777895049486e+01
    1.169871951258733e+02
    9.814796884421867e+01
    1.014377153603138e+02
    1.551080444435178e+02
    7.159418305242838e+01
    9.948948426389279e+01
    6.967739622008395e+01
    1.212331172316195e+02
    7.712068884788124e+01
    1.018008394626438e+02
    1.232972753505734e+02
    1.056392896094889e+02
    5.670975652191601e+01
    1.101715498058547e+02
    1.035183542493567e+02
    6.559978847185647e+01
    7.379331476475500e+01
    9.737588516688760e+01
    1.410612285875555e+02
    1.318617536300212e+02
    9.474194221794363e+01
    9.176005279806276e+01
    7.218901439897138e+01
    1.273139002827261e+02
    1.016015713515671e+02
    5.245212267213333e+01
    9.987378650013824e+01
    9.361657154981913e+01
    7.788815732020936e+01
    9.076370098202659e+01
    9.687942633842596e+01
    6.452356670007930e+01
    9.355435590195299e+01
    1.278952648453816e+02
    1.075644124802284e+02
    7.275159463479639e+01
    1.185272379987504e+02
    5.524893409314103e+01
    1.510751564823735e+02
    9.847399279810105e+01
    1.029300599362921e+02
    1.696391160047608e+02
    7.188386439360670e+01
    1.213677964168988e+02
    8.137606386009423e+01
    8.404929178630027e+01
    1.139999595963144e+02
    1.237249386116443e+02
    5.645798786535238e+01
    9.572546923862120e+01
    8.827043947829935e+01
    1.080505831949282e+02
    9.709279634591752e+01
    7.085230985078624e+01
    1.188731472301671e+02
    7.341291529196923e+01
    1.123651858216425e+02
    8.042180816155707e+01
    9.337395663756695e+01
    9.123781939739445e+01
    1.123129968230080e+02
    7.630348450943728e+01
    9.651005232956351e+01
    9.342472389724236e+01
    8.656959219564101e+01
    1.314688854258316e+02
    1.034108184801116e+02
    9.762005887091476e+01
    1.587818637912437e+02
    9.290396832411005e+01
    1.639758050302751e+02
    9.709648458644466e+01
    9.953422242596673e+01
    8.883601887018273e+01
    3.604784846444261e+01
    1.279604801039943e+02
    1.142023440742147e+02
    7.894931882378216e+01
    6.545089100791557e+01
    7.455197529863540e+01
    1.159607779993783e+02
    8.673843928436582e+01
    1.263772631560616e+02
    1.297047592143139e+02
    8.967764536485163e+01
    6.673044448831376e+01
    9.554497891819494e+01
    8.915201907723940e+01
    8.209963419490435e+01
    9.465527751749562e+01
    9.798641559850267e+01
    7.505102018771510e+01
    1.048015628207037e+02
    9.666618810112595e+01
    1.203578632542641e+02
    1.211150569583981e+02
    1.195721018199077e+02
    1.361349638358399e+02
    1.179787822075508e+02
    5.081084375244956e+01
    6.934832842884930e+01
    1.176796722334328e+02
    1.296118237920410e+02
    1.109608878956999e+02
    7.414277951584637e+01
    1.231173481888419e+02
    9.784957998399648e+01
    1.339435692777994e+02
    8.462037834714465e+01
    1.034131906609852e+02
    1.235346131793386e+02
    6.522343005334619e+01
    1.046306316277952e+02
    1.347285404842097e+02
    1.056766732854157e+02
    7.773049555419618e+01
    1.205236468200377e+02
    1.194257075759407e+02
    6.084641962840863e+01
    1.055926656301386e+02
    1.478992591943404e+02
    6.919370482839781e+01
    1.231013990453647e+02
    8.778859886876376e+01
    1.291503182743497e+02
    7.608647958146491e+01
    7.878058172054921e+01
    6.058120410629783e+01
    9.730068311661171e+01
    8.728701162299558e+01
    7.885088376970714e+01
    1.638328263949842e+02
    9.505002441488102e+01
    1.055375344710529e+02
    9.505601686976320e+01
    7.820812278856408e+01
    8.468319954717686e+01
    1.144529703948052e+02
    1.060610620107951e+02
    9.976764640174224e+01
    8.804372484809960e+01
    1.103974850941097e+02
    1.066419264738755e+02
    1.268163057373994e+02
    1.055771533535625e+02
    6.955946523580280e+01
    8.794348365802136e+01
    1.047303534138803e+02
    7.346828673016319e+01
    1.019308610287271e+02
    1.305003791623693e+02
    1.334270581418969e+02
    1.119589712951159e+02
    8.826569777133443e+01
    6.304957864051573e+01
    7.471761329243918e+01
    1.231165627313050e+02
    8.799182823825390e+01
    8.098699909819061e+01
    1.149836693901142e+02
    7.462256534353799e+01
    6.835878709592123e+01
    1.396260633363380e+02
    1.111549695426413e+02
    8.275508583825513e+01
    1.355141656206797e+02
    9.917100976045162e+01
    9.900669894415842e+01
    1.035378120364925e+02
    7.368365072959307e+01
    9.304579583128543e+01
    1.360882791890532e+02
    6.599425814924530e+01
    5.481477265965793e+01
    7.687287064257305e+01
    1.122817528290801e+02
    1.069329061476253e+02
    1.002677508290697e+02
    1.145563613078838e+02
    9.982212664836766e+01
    1.059727181064108e+02
    9.968139785389326e+01
    8.608174972828067e+01
    1.065178717626480e+02
    6.769787788513270e+01
    1.243809237844664e+02
    9.042608506215288e+01
    8.326748054538825e+01
    1.117145749047256e+02
    1.236833850753095e+02
    1.365445214538897e+02
    1.064026996412724e+02
    1.229098358359516e+02
    8.572653683845317e+01
    1.238562603859941e+02
    7.014893246607926e+01
    9.655978890169536e+01
    7.936441000428715e+01
    8.512790034824377e+01
    1.178800469606551e+02
    9.614659454728439e+01
    1.020619663812852e+02
    1.253241267514665e+02
    6.611063444078127e+01
    8.612580057254377e+01
    1.078807248200286e+02
    8.978733850516107e+01
    8.715213372892038e+01
    1.386192709285774e+02
    7.013347446570720e+01
    1.222240687960829e+02
    5.015014487486667e+01
    1.236249485616895e+02
    1.072814361445171e+02
    4.203168605057670e+01
    6.000890041012894e+01
    1.501363091190598e+02
    6.106945583393895e+01
    8.441714185346996e+01
    1.000280950840272e+02
    1.146178532498408e+02
    9.262304700986135e+01
    7.988661839936412e+01
    1.108655267401969e+02
    1.394703405082419e+02
    1.054994785684050e+02
    5.752659527088269e+01
    1.035869988758049e+02
    1.017488401107806e+02
    9.358316350417795e+01
    1.289071497814439e+02
    9.900414366943835e+01
    1.182444158639026e+02
    9.021936684513264e+01
    1.099481855145598e+02
    1.000407891841149e+02
    1.489468353633254e+02
    9.672106176583497e+01
    1.175543846907351e+02
    1.490991773131816e+02
    7.561130803418962e+01
    1.361824968824857e+02
    1.183866053741718e+02
    7.616251683457278e+01
    7.155343379080989e+01
    9.490091572688641e+01
    9.918364203785814e+01
    8.111294106988055e+01
    9.784984886713573e+01
    9.970520515203589e+01
    1.200065943093711e+02
    1.576042081972366e+02
    6.975464570910162e+01
    1.078956845987437e+02
    1.170149130595576e+02
    5.855134542366500e+01
    1.225578180436003e+02
    7.695428731716049e+01
    1.025019370978237e+02
    9.793182698412920e+01
    6.878775883061849e+01
    5.494317172728472e+01
    1.146738310371114e+02
    9.524285167598123e+01
    1.227453438071825e+02
    7.611036711759425e+01
    9.670285801817215e+01
    6.359930725505990e+01
    7.046281549526384e+01
    7.133533052214148e+01
    1.136063201982387e+02
    7.228767025146567e+01
    1.160193942314135e+02
    1.000439351790521e+02
    8.214158585844586e+01
    1.207050521294923e+02
    1.248302745198583e+02
    1.138775686054890e+02
    9.426279295667996e+01
    1.005998158516752e+02
    1.043183920625165e+02
    1.210153721052882e+02
    1.441456570068760e+02
    9.042133987956504e+01
    1.000647204678074e+02
    6.833850405308908e+01
    1.284565487812114e+02
    8.490497020174075e+01
    1.388903771234379e+02
    6.502958689889851e+01
    1.087378839060233e+02
    9.893729316351369e+01
    8.270451668421629e+01
    1.183895199110867e+02
    8.494960574103459e+01
    1.283830512387061e+02
    1.331159113778767e+02
    7.330677676720541e+01
    1.108548430112535e+02
    9.739802713277925e+01
    8.157591553731436e+01
    1.011663108272114e+02
    1.141892437891426e+02
    1.026727942373890e+02
    9.601453130773280e+01
    9.062961614328060e+01
    8.415926411949158e+01
    5.894094649166504e+01
    6.431962359848399e+01
    8.404199992843019e+01
    9.822910995487518e+01
    5.718293153601508e+01
    1.669106239344126e+02
    6.734192981892761e+01
    1.313002723529104e+02
    9.061619989982091e+01
    1.337370739114601e+02
    6.494344193553616e+01
    1.239301357452626e+02
    5.588705835672044e+01
    8.140841624735970e+01
    1.111134699940044e+02
    1.049231088773570e+02
    8.459559551750715e+01
    1.574763704383878e+02
    8.174093082367904e+01
    6.021097144833846e+01
    1.111132080868555e+02
    1.200811176235914e+02
    4.434700837203252e+01
    7.566052478956124e+01
    1.241205403898749e+02
    9.037496278518915e+01
    6.824660533603264e+01
    4.794473316169274e+01
    1.080493356084878e+02
    7.357206294595301e+01
    8.254532373934524e+01
    7.071793730432148e+01
    1.084592444975391e+02
    1.368596864627131e+02
    6.084186472150463e+01
    1.015243183526132e+02
    1.028973623126416e+02
    9.999035542454294e+01
    6.402163865421585e+01
    9.854165532232855e+01
    1.520839867354698e+02
    8.258691595149060e+01
    9.878198762070326e+01
    7.766616983511312e+01
    9.057779365908857e+01
    9.204419511453523e+01
    1.034095432749291e+02
    8.704995986754113e+01
    9.548804311826473e+01
    8.861511128567031e+01
    7.756298534385564e+01
    8.886363084677271e+01
    8.058873434628197e+01
    1.249140136508180e+02
    8.278137596755187e+01
    9.456338100306709e+01
    1.165737496943535e+02
    9.316649187143753e+01
    9.703816356159905e+01
    7.829436375160071e+01
    8.650984585466176e+01
    1.546078194788981e+02
    5.130219320027777e+01
    7.903303929855269e+01
    7.566439334393976e+01
    1.327118863057751e+02
    1.139686810344278e+02
    1.233294342340503e+02
    9.038425853262652e+01
    7.669263475356161e+01
    1.020735106880795e+02
    8.476291437137775e+01
    1.502384894264583e+02
    1.223701471224604e+02
    1.188617936567073e+02
    9.850355978672837e+01
    1.235216169131616e+02
    1.485230504106607e+02
    8.476572816678640e+01
    9.248920024909808e+01
    9.575263391032991e+01
    7.964613818982457e+01
    1.129492976460574e+02
    5.266847255434072e+01
    1.439862121220324e+02
    1.324168369671668e+02
    1.283963863677468e+02
    9.683408243897361e+01
    6.990468944335362e+01
    1.226514516820555e+02
    9.142420839112901e+01
    1.372762291897311e+02
    1.249378433446236e+02
    1.198346672698187e+02
    9.364428781891888e+01
    9.734713052993470e+01
    1.162536624015343e+02
    7.865658699070195e+01
    7.427398727919694e+01
    9.838870669101425e+01
    7.849067247953940e+01
    1.262977760414719e+02
    1.718540316754513e+02
    9.485618401999886e+01
    1.026636543627058e+02
    1.007119237338475e+02
    1.077328291863250e+02
    9.146560373279840e+01
    1.272707538881923e+02
    4.398057331813675e+01
    1.026466952179214e+02
    8.835001377087224e+01
    1.484709855324513e+02
    9.492358390979120e+01
    7.650520181040406e+01
    8.931286375485797e+01
    1.101107161052118e+02
    8.099826255437506e+01
    7.593847633426662e+01
    8.717758439042996e+01
    1.231911225352815e+02
    7.065334996704678e+01
    9.627921941034970e+01
    9.329123058107143e+01
    1.128252032372791e+02
    1.366662231170028e+02
    1.614676510712809e+02
    9.648848941874007e+01
    9.254356907682222e+01
    7.368196074594039e+01
    1.155421701623789e+02
    6.243840171788634e+01
    9.453488204605719e+01
    9.178930908048187e+01
    7.844144911685135e+01
    1.060102882070407e+02
    8.647152886347044e+01
    1.012712988399051e+02
    1.428655477798122e+02
    1.034550204037953e+02
    1.553865974202222e+02
    9.263741017260941e+01
    8.871014876663480e+01
    1.064336458137836e+02
    1.100301248134451e+02
    1.335564488722548e+02
    1.292325233040810e+02
    1.498340160233454e+02
    9.729069831744482e+01
    8.361354295833848e+01
    1.163965910882746e+02
    1.236454493173039e+02
    1.130384593592316e+02
    8.845337227590562e+01
    5.049335967054276e+01
    9.536800773239861e+01
    9.834000135308656e+01
    1.016165605986203e+02
    7.841820287056180e+01
    1.060009579220718e+02
    1.194440381425591e+02
    7.652067340535382e+01
    1.339939957274169e+02
    1.208851438902457e+02
    1.036566374301708e+02
    1.251443213996390e+02
    1.341537664961140e+02
    8.282220616877794e+01
    8.144875543099147e+01
    7.891867789665184e+01
    1.594252939077580e+02
    1.306606292290166e+02
    1.001170916240756e+02
    7.323329294729092e+01
    8.101282687512480e+01
    1.176437918669603e+02
    7.906888282304294e+01
    8.162121162300878e+01
    1.089684793809397e+02
    5.966087195720320e+01
    7.578253049989826e+01
    1.505130128397184e+02
    1.345899024859386e+02
    1.084058486825268e+02
    9.753180433180205e+01
    1.023586214091631e+02
    5.391220285389977e+01
    9.168845040358974e+01
    8.825938111052551e+01
    1.316324781008802e+02
    1.208079307066339e+02
    1.196030894097680e+02
    7.377308164651254e+01
    8.566151360609410e+01
    5.593510779895837e+01
    9.649803668527625e+01
    1.147961645195653e+02
    1.420164320201104e+02
    1.247298905072125e+02
    6.126518982125049e+01
    1.170051045247283e+02
    8.083164572440069e+01
    1.137515665856984e+02
    1.433335653485108e+02
    9.693464645564291e+01
    9.464420023085040e+01
    1.085725306188272e+02
    1.001728703897516e+02
    1.478186975981100e+02
    7.525471433096982e+01
    9.886536008347662e+01
    9.237996269684459e+01
    9.979442445295376e+01
    1.060773631558698e+02
    1.091949138436030e+02
    9.791564481784462e+01
    1.162810260476397e+02
    1.018201819734884e+02
    9.401582370472056e+01
    9.300961794548357e+01
    7.338571614653688e+01
    9.241335166312183e+01
    1.146322609161700e+02
    1.205384438796784e+02
    1.366147747493244e+02
    7.599170038157467e+01
    1.338359140767977e+02
    1.005614621195650e+02
    1.245742831224197e+02
    9.972735010938550e+01
    1.230291551465609e+02
    9.358992840635324e+01
    1.091177986812374e+02
    1.428631931676193e+02
    7.018467305535751e+01
    9.966370660195253e+01
    8.865049211642258e+01
    1.444298893768951e+02
    1.155057270069278e+02
    9.094030057483451e+01
    8.166732038034411e+01
    9.875158501522492e+01
    6.736843776095384e+01
    6.987165204310259e+01
    1.209977725889848e+02
    1.020977591573501e+02
    1.032620449323883e+02
    7.320155258867885e+01
    1.056690800813794e+02
    1.249234447660558e+02
    8.553652489700767e+01
    9.219348191652216e+01
    8.464031102226954e+01
    9.336025247007115e+01
    7.681294686993965e+01
    9.922366818518753e+01
    2.906345177733670e+01
    1.084913140751610e+02
    6.563101915038942e+01
    1.085784339607460e+02
    6.943196904688307e+01
    1.160700450745833e+02
    8.566941598435051e+01
    8.033036953644000e+01
    1.208639068593482e+02
    7.552663361264081e+01
    9.425382769923544e+01
    6.570492337831524e+01
    8.020579029978762e+01
    1.102397334270336e+02
    1.144153450993781e+02
    1.237234060116327e+02
    1.267519939443207e+02
    7.620216748741655e+01
    1.137724336303972e+02
    7.472245026961218e+01
    1.156229752603872e+02
    1.148427109345096e+02
    7.467557866753168e+01
    9.554348800820321e+01
    6.205637256913633e+01
    1.129137479679139e+02
    1.108222943140731e+02
    9.827653009608071e+01
    1.297635301348350e+02
    1.425943421280783e+02
    1.431818930280906e+02
    9.414163123022604e+01
    1.154785435540464e+02
    1.394497627025021e+02
    6.724701046337259e+01
    9.993072672836092e+01
    7.292532030782013e+01
    6.956798440601460e+01
    9.076297254543761e+01
    1.273377489472455e+02
    1.049509760333763e+02
    7.163244306372576e+01
    1.466299762131450e+02
    8.652215370024010e+01
    1.082289013107743e+02
    1.086948892271596e+02
    8.216053593483707e+01
    1.269622577917710e+02
    9.202704531513859e+01
    1.036441959114870e+02
    9.691171573367228e+01
    9.500993780580643e+01
    1.024065814181517e+02
    8.163418797795657e+01
    7.274260251062628e+01
    1.365810990832654e+02
    1.210412996677928e+02
    1.010923501197374e+02
    8.769846872359039e+01
    9.112930602133019e+01
    8.530071741426582e+01
    1.017008128423549e+02
    1.064611099147476e+02
    1.004278498597625e+02
    7.624072646552463e+01
    8.269088064740458e+01
    8.313527755703376e+01
    1.032885610984329e+02
    1.284976930189998e+02
    8.650621463960420e+01
    1.124835583982383e+02
    9.413260445940864e+01
    1.116841486854162e+02
    9.657223012541976e+01
    1.211905172620914e+02
    1.457783882005583e+02
    1.191734491581246e+02
    8.884144513636784e+01
    1.394658074172708e+02
    9.534302572662341e+01
    1.154521868303061e+02
    1.468581055790969e+02
    1.084727164702815e+02
    1.168246630867338e+02
    1.018552739018446e+02
    1.089459711661095e+02
    1.055670438328389e+02
    8.632780345193623e+01
    8.711024064313960e+01
    1.398555086792805e+02
    7.140587085352877e+01
    1.418117527304889e+02
    4.664777949921699e+01
    8.261517958535251e+01
    1.190517744511931e+02
    7.332829620881284e+01
    8.565196827188743e+01
    8.145064428610453e+01
    8.335572921227708e+01
    1.390002725409704e+02
    7.440662691634543e+01
    1.466688844557814e+02
    1.604336923659025e+02
    7.167791304317575e+01
    1.187452542338224e+02
    8.145193689778353e+01
    7.238398731102279e+01
    9.778794958806316e+01
    7.237787004332517e+01
    4.984735253920348e+01
    7.812595758218208e+01
    9.987882553712211e+01
    1.502826453025523e+02
    5.368586753700811e+01
    7.898586824037125e+01
    9.937746401633262e+01
    1.386978737624338e+02
    1.180038168789633e+02
    9.994013144316114e+01
    8.774614358460667e+01
    1.165322148855716e+02
    9.699513832793514e+01
    8.663346475567892e+01
    1.229134658361386e+02
    4.951416319762870e+01
    1.350177499792665e+02
    6.631785674034518e+01
    7.922736016558929e+01
    8.275678550891826e+01
    1.520175148842532e+02
    9.536590327802628e+01
    1.753528415745063e+02
    5.398049619223002e+01
    1.002007135597705e+02
    9.928940096628708e+01
    8.488988919729081e+01
    5.418038538722840e+01
    1.017267635521466e+02
    6.659805003136512e+01
    1.022755054150014e+02
    8.529910335037016e+01
    1.001390164021996e+02
    6.128137486365176e+01
    1.102856870147389e+02
    7.186616705560255e+01
    1.124700584533491e+02
    1.475337295931047e+02
    8.264601673188054e+01
    1.432277339515690e+02
    1.382630321829970e+02
    1.117013458395900e+02
    1.187857617113173e+02
    1.123287995480189e+02
    7.094134526058383e+01
    1.019805940244646e+02
    5.385339814287022e+01
    9.690940388944341e+01
    4.379631082052583e+01
    3.448175779336566e+01
    1.042234774255166e+02
    9.102619009447722e+01
    1.516651438396570e+02
    8.805471390658113e+01
    6.042560500750142e+01
    7.750100847723729e+01
    1.115313886884633e+02
    1.482598704112172e+02
    8.647710244551263e+01
    1.343270537506737e+02
    9.734154160199978e+01
    7.269407455426517e+01
    1.253773618255639e+02
    1.069028056102036e+02
    1.324117004932111e+02
    1.457600987663034e+02
    1.147409354928413e+02
    5.883862049400022e+01
    8.700895938586541e+01
    1.097177550027175e+02
    8.074740318018826e+01
    1.642244825426974e+02
    1.161167123648158e+02
    9.262305612781915e+01
    1.265694184705728e+02
    1.056361710014744e+02
    7.371354239631160e+01
    7.505155751463121e+01
    1.036962251568093e+02
    8.814405651878133e+01
    7.637790024648552e+01
    8.829216517551913e+01
    1.274391388449249e+02
    1.069956126523925e+02
    1.630237337988115e+02
    8.849244403715147e+01
    1.185592958068446e+02
    1.257531215850804e+02
    8.375330469503410e+01
    9.282847719670485e+01
    8.627688173298225e+01
    1.111994631198070e+02
    1.332327183400878e+02
    8.806194395428065e+01
    1.187299111045365e+02
    1.362794830638779e+02
    9.715591564346823e+01
    8.262236166607067e+01
    1.038066359029506e+02
    1.698591227269628e+02
    7.813796234569850e+01
    7.180527261791440e+01
    6.260662950463484e+01
    6.901149724488619e+01
    8.085518988300237e+01
    1.078540197172151e+02
    1.269710046361422e+02
    1.183791188521730e+02
    9.638096147681495e+01
    6.619219132145986e+01
    1.416295231958202e+02
    6.868995940191098e+01
    1.238113347221952e+02
    1.003110927390480e+02
    1.074595410292955e+02
    1.153140327446465e+02
    1.102245544828020e+02
    1.161704841837559e+02
    9.945006492176617e+01
    7.533329974360754e+01
    8.905644452173874e+01
    8.906132551824840e+01
    1.196860091863573e+02
    1.434230329057550e+02
    1.185324374642460e+02
    1.242519529838842e+02
    1.223556175675617e+02
    9.127714858317859e+01
    8.083611003828082e+01
    8.117281051645818e+01
    1.042975467141298e+02
    7.210472990475751e+01
    1.019311833102904e+02
    9.629500441594359e+01
    8.270491429164281e+01
    1.614408565377346e+02
    1.170049094519970e+02
    1.388720022448570e+02
    4.849679347945198e+01
    9.446163605512766e+01
    6.191546399846857e+01
    1.002856723301613e+02
    1.006103448659678e+02
    1.290231102174903e+02
    1.075399912612750e+02
    6.795456413221586e+01
    1.005604032081567e+02
    1.047261412871933e+02
    9.281120916423788e+01
    1.110231954502797e+02
    9.261187887086862e+01
    7.043986958131882e+01
    1.365339326008029e+02
    1.164347161748617e+02
    9.735198790217282e+01
    6.047118747224090e+01
    6.716314001007959e+01
    8.357284251461124e+01
    1.242134387174849e+02
    1.145351754072590e+02
    8.561752104895618e+01
    1.244197868944298e+02
    9.298437726497696e+01
    9.639077982073559e+01
    6.570947473562796e+01
    1.086865203446735e+02
    1.049237145637733e+02
    8.226547812872354e+01
    9.116134470810948e+01
    8.309351129577294e+01
    1.022162307477515e+02
    6.323038229536451e+01
    1.583161959517122e+02
    1.195478781304803e+02
    1.161610194724801e+02
    1.099577293582217e+02
    6.908056740364145e+01
    6.668556838548739e+01
    8.269786102493072e+01
    1.351280569616574e+02
    1.388019083385973e+02
    9.738149702501914e+01
