    1.248354352974468e+02
    8.931879472328316e+01
    7.566303106264907e+01
    1.090447523944659e+02
    1.138135073939448e+02
    1.104122888898822e+02
    8.304759922665662e+01
    8.312253855300108e+01
    1.381182100516070e+02
    8.684249526665360e+01
    6.499460789077544e+01
    1.019759108087529e+02
    1.421384345419166e+02
    1.129378518306657e+02
    1.033742249891850e+02
    8.545244125525262e+01
    1.090981863494907e+02
    1.314989499539958e+02
    1.039341000768516e+02
    9.504119369166574e+01
    9.836451839203977e+01
    8.956220121454291e+01
    7.326733393559114e+01
    8.885332414992450e+01
    9.366427151325485e+01
    7.291434046230617e+01
    6.814536068549944e+01
    9.380785189435466e+01
    1.162194304773513e+02
    1.080926150956593e+02
    9.760659230982486e+01
    1.684364088545356e+02
    1.447920950489683e+02
    1.062240949226329e+02
    8.910866098511576e+01
    9.728185785880896e+01
    7.991486616032489e+01
    9.985387881434718e+01
    1.133016405715889e+02
    7.319080540112772e+01
    8.507278370300689e+01
    1.425798598896140e+02
    8.565102883225620e+01
    9.449884776055221e+01
    5.339520316170365e+01
    6.457886368324729e+01
    9.434915515433168e+01
    1.017928962619604e+02
    4.624583871561981e+01
    6.656939718336645e+01
    1.038505820930394e+02
    1.228756188772014e+02
    8.258041727950967e+01
    7.165742497650420e+01
    1.035968868981306e+02
    7.441186910287982e+01
    9.358604785536862e+01
    1.061679016177436e+02
    9.720145289434086e+01
    8.204905431076895e+01
    1.079085860710392e+02
    1.064303174113616e+02
    7.323190738573231e+01
    1.387864173720849e+02
    1.014704969565364e+02
    9.956927984309132e+01
    9.058076337686472e+01
    7.037157587127354e+01
    7.093774477164672e+01
    5.392211208711444e+01
    1.143276555216512e+02
    9.133322154235628e+01
    1.037139437419607e+02
    1.172486307179902e+02
    1.148933533483519e+02
    9.244392126922349e+01
    1.264384291260680e+02
    8.724180398907663e+01
    8.724161944254789e+01
    1.021104197776718e+02
    1.148425332578532e+02
    8.232081440366372e+01
    9.640245566230647e+01
    8.442050748963666e+01
    9.002431241398313e+01
    1.229653159319493e+02
    6.257587459669921e+01
    6.687118111548187e+01
    1.163705552066504e+02
    9.339192254101292e+01
    1.036720116546761e+02
    4.203617366724941e+01
    1.181511272836050e+02
    9.567211707466939e+01
    8.778213523179829e+01
    7.226234961134978e+01
    1.030789817507099e+02
    1.209521260475506e+02
    5.459188427027414e+01
    1.138898478429002e+02
    9.160201742717973e+01
    7.459387939144705e+01
    8.155656862427549e+01
    1.508132908421993e+02
    1.164794146202647e+02
    9.034918759788525e+01
    6.184844738189142e+01
    1.266045392944169e+02
    9.031353173342723e+01
    1.061821918472533e+02
    1.144702004682171e+02
    6.315454852490745e+01
    8.893022408738602e+01
    8.918925881786791e+01
    9.882190182541024e+01
    1.294028262405446e+02
    9.506896162538538e+01
    1.205142294743841e+02
    1.152151283978674e+02
    9.830053414951635e+01
    5.611894706706181e+01
    1.208804817907854e+02
    9.109964059375343e+01
    1.231717276353871e+02
    7.743576301195858e+01
    1.152051300480628e+02
    1.164372206255904e+02
    7.620150187246750e+01
    9.140267958852078e+01
    1.070275974338102e+02
    7.882823380449395e+01
    9.494766185922117e+01
    3.589185213484114e+01
    5.123999036941768e+01
    1.025207639714807e+02
    1.203364431493551e+02
    1.312359099247320e+02
    1.333811493415499e+02
    9.335586120161196e+01
    1.113852850069486e+02
    8.422114703127477e+01
    9.884217736555144e+01
    9.403092162818666e+01
    7.347041865653722e+01
    1.096421187062055e+02
    9.067572003618068e+01
    1.124709901300062e+02
    1.040902242539417e+02
    8.745729130353595e+01
    1.215597134963588e+02
    1.084122212135262e+02
    7.579075769049894e+01
    6.891092757832979e+01
    9.550797327878030e+01
    1.447170635564055e+02
    1.396919201209010e+02
    1.070905572948672e+02
    6.939738421111514e+01
    1.030291822471824e+02
    5.717416560585775e+01
    1.422718724026561e+02
    8.225121243979032e+01
    6.867007264762293e+01
    1.056842588010829e+02
    1.274066120724814e+02
    1.254230419399167e+02
    1.000779633708328e+02
    8.159043617620739e+01
    8.661883655435531e+01
    6.954102511299169e+01
    1.173927915493076e+02
    1.483278703898404e+02
    1.365470484896525e+02
    6.570648712406609e+01
    1.285096257488146e+02
    9.502882368648017e+01
    7.760985039021307e+01
    1.149549818849448e+02
    9.612984343159553e+01
    9.976160294671587e+01
    1.099547813140367e+02
    1.258719834180968e+02
    1.159048802954095e+02
    8.532122320892711e+01
    4.053108242714700e+01
    9.455890966561299e+01
    1.142231915740601e+02
    1.069615695007721e+02
    1.234202645570645e+02
    6.766718728495476e+01
    1.000065702617670e+02
    1.038391452032977e+02
    9.425524859198106e+01
    1.483758317966303e+02
    1.138785336928336e+02
    9.418064223196893e+01
    1.528268244823349e+02
    1.155264891564977e+02
    8.277634252072716e+01
    9.690356188242731e+01
    8.660160882449674e+01
    1.538967588376786e+02
    9.913694648664034e+01
    1.035044603772991e+02
    8.938374988399261e+01
    8.964251901786383e+01
    1.684723488291280e+02
    1.155517782391556e+02
    1.101023751026727e+02
    1.091036481184662e+02
    1.394928768728977e+02
    6.298269974820556e+01
    1.097705740844049e+02
    1.235747909386987e+02
    1.094404265081911e+02
    1.126488116117048e+02
    7.504321499466101e+01
    1.075267243051007e+02
    1.128157750369542e+02
    9.156770088686073e+01
    3.917592269689408e+01
    1.080729075157984e+02
    1.450910746520492e+02
    6.334471001726371e+01
    1.016083432950830e+02
    1.095166660561583e+02
    1.204492671210386e+02
    1.304286067481229e+02
    7.960653264516168e+01
    1.129039830221902e+02
    1.460478319464653e+02
    7.949739956690109e+01
    8.423721412446810e+01
    1.219601987952964e+02
    9.425132788940971e+01
    7.187783981385138e+01
    1.278661543477705e+02
    1.241290916903625e+02
    1.478463218283900e+02
    1.180312277696237e+02
    8.094986668614524e+01
    8.921415268030671e+01
    1.095768588151378e+02
    1.057762410873721e+02
    9.719814296772512e+01
    1.449679375325314e+02
    9.143084116536272e+01
    1.289795612309791e+02
    1.014899861135382e+02
    1.307784039041022e+02
    1.205227771963780e+02
    8.449598543838135e+01
    5.350005960926353e+01
    1.456078737505663e+02
    5.305308110023390e+01
    9.096873475492430e+01
    8.084117280414318e+01
    1.147032824483068e+02
    5.567325454836066e+01
    9.535974197383666e+01
    1.042624269476323e+02
    7.526712031060924e+01
    8.691099288402825e+01
    1.036517875058519e+02
    1.068337129691162e+02
    7.799706654265890e+01
    1.084647445536029e+02
    1.199455018832276e+02
    3.591015396957516e+01
    1.044125409005511e+02
    1.063213863227344e+02
    9.766001169578772e+01
    9.300269735585971e+01
    8.860635202930609e+01
    1.270923448336561e+02
    8.774254607698708e+01
    5.974751760446907e+01
    1.087445680456347e+02
    5.859404280440685e+01
    8.498487454633278e+01
    1.123181997948558e+02
    9.936290126531617e+01
    9.805963289225815e+01
    1.023179484884565e+02
    1.079108083703539e+02
    1.198167057613801e+02
    8.532522828099673e+01
    9.550318207704834e+01
    1.200381962444004e+02
    8.137177791600777e+01
    7.944183624371647e+01
    1.129222868888360e+02
    1.191214337140309e+02
    7.559241484878612e+01
    1.302115327938935e+02
    5.074500236816561e+01
    1.215500468982447e+02
    7.224734685336045e+01
    1.381794053611696e+02
    1.224917701673070e+02
    1.113271262484653e+02
    1.698543018323835e+02
    1.342284028650124e+02
    1.049042063674182e+02
    1.144271390723196e+02
    5.938860012132466e+01
    5.988726430782208e+01
    1.147791038009325e+02
    9.693913337786228e+01
    6.238869692587230e+01
    1.040786632005825e+02
    9.193954714748202e+01
    1.002378421908901e+02
    1.143792590330247e+02
    8.443991296306876e+01
    8.115899513193597e+01
    1.117875644324755e+02
    1.057663046246518e+02
    5.781723800825318e+01
    1.267651551300372e+02
    1.137185827925293e+02
    1.025546680145516e+02
    9.987495610094356e+01
    1.085107873486425e+02
    1.141061113727085e+02
    9.699334236836364e+01
    9.835800283344895e+01
    1.224178814061617e+02
    8.737869210690633e+01
    7.053878669321023e+01
    1.538289639195636e+02
    9.535130457325579e+01
    1.156702442545821e+02
    1.356733612061311e+02
    9.064608164047627e+01
    9.894567555636172e+01
    1.015180138869590e+02
    1.156607617270993e+02
    1.385193359129454e+02
    1.453069259115489e+02
    1.142018972455497e+02
    1.142858451640694e+02
    1.166267547846303e+02
    9.230240440432851e+01
    8.748973025189628e+01
    1.048745906988029e+02
    1.234228210524964e+02
    9.246098633615418e+01
    1.111868663733293e+02
    1.202179733219606e+02
    1.304345410517993e+02
    1.028580560971210e+02
    8.221734936072266e+01
    1.228769867373404e+02
    9.467194329451729e+01
    1.588652133011686e+02
    1.099711414352106e+02
    6.858060772083206e+01
    7.714449940517170e+01
    8.780285045003325e+01
    1.544291284160647e+02
    1.565646291792012e+02
    1.155635530067127e+02
    8.079860650124942e+01
    1.276062728114783e+02
    1.188721158089317e+02
    1.245178679980597e+02
    7.120347655854687e+01
    1.006453958215911e+02
    1.040442546976027e+02
    1.107405349710245e+02
    8.034727566520019e+01
    1.215208823943772e+02
    1.440424260369065e+02
    9.603514613657353e+01
    1.567213950083209e+02
    4.561525932461450e+01
    7.057030025883307e+01
    8.895229914382185e+01
    1.100467076983387e+02
    1.093242509467495e+02
    6.517785959272999e+01
    1.029665182534643e+02
    8.757308868344012e+01
    4.090130487930992e+01
    9.175132500234611e+01
    5.107495430847450e+01
    1.226882418896474e+02
    1.648719900541801e+02
    1.299369597609331e+02
    9.719995868030992e+01
    8.469969813902765e+01
    5.220165181279185e+01
    8.025370059672980e+01
    9.081835952931669e+01
    1.347794597122356e+02
    1.059302368355259e+02
    6.110998773843562e+01
    1.423342826828531e+02
    1.251479541903319e+02
    8.427560644847517e+01
    8.915900560077546e+01
    9.479632424352474e+01
    8.615340076329119e+01
    1.111741361732822e+02
    7.841031135227468e+01
    1.186567990351148e+02
    1.018613280314622e+02
    8.860749507864284e+01
    1.196283533728450e+02
    8.217552186067223e+01
    1.228520077260589e+02
    7.950367180857938e+01
    1.114312185708945e+02
    9.792286648603977e+01
    6.581079625573068e+01
    1.057759959127623e+02
    1.121158731696698e+02
    5.750305621470488e+01
    1.000911696499054e+02
    8.326331276038786e+01
    1.040988423382640e+02
    8.985145729302189e+01
    6.635580127836704e+01
    1.138140081054320e+02
    1.225859804447009e+02
    1.198081867040747e+02
    1.008724597287659e+02
    1.187895022931156e+02
    1.002976071639995e+02
    1.198569194368014e+02
    8.776551592895601e+01
    1.244674795451471e+02
    9.188294572210964e+01
    9.560470593227478e+01
    9.544693350757541e+01
    1.031952045913050e+02
    1.289942073772033e+02
    6.393919963808969e+01
    9.197206671897163e+01
    1.263654656620770e+02
    1.227700127877677e+02
    1.058724773152454e+02
    7.503261178635228e+01
    4.341007323783742e+01
    7.920977696104046e+01
    4.171623179137669e+01
    9.070961934769343e+01
    1.397186673604585e+02
    8.639119171774723e+01
    6.702148417189051e+01
    8.988184983770850e+01
    1.097074757063689e+02
    1.166699763422804e+02
    4.610774897378576e+01
    1.063614226529580e+02
    1.388084536487816e+02
    9.159047407368064e+01
    4.742699109427917e+01
    9.037008915315084e+01
    9.089610116794745e+01
    1.221648747579246e+02
    1.118028949028718e+02
    1.083142006908150e+02
    7.985333983057899e+01
    6.246778872048765e+01
    1.172302334252686e+02
    8.744683930564747e+01
    7.174858403300846e+01
    1.011854501537067e+02
    8.863420798350944e+01
    8.594413601273459e+01
    7.280477043132294e+01
    1.439332423629406e+02
    8.831689118390159e+01
    8.472610738216190e+01
    7.068092846366369e+01
    8.747501534724790e+01
    9.589389749317434e+01
    1.050604602522242e+02
    1.150746087394862e+02
    8.248172714520194e+01
    1.034380553942231e+02
    8.207071332211285e+01
    8.169276230490027e+01
    1.327790477328875e+02
    1.284628399912879e+02
    7.159536766213478e+01
    7.983537417980472e+01
    1.214088468840129e+02
    1.192830805800145e+02
    7.603859290842081e+01
    9.762480084758806e+01
    1.084862028690281e+02
    1.117806089314149e+02
    1.864929920109250e+02
    5.302627331632607e+01
    7.654122806483997e+01
    1.047894785849707e+02
    9.783495041415051e+01
    8.660453642869982e+01
    1.264273072698398e+02
    1.104388947011984e+02
    7.715327172316165e+01
    1.031493643427660e+02
    9.560009462776065e+01
    1.133559975360993e+02
    9.112748772784698e+01
    6.888631762702971e+01
    7.791259979385529e+01
    1.147151526751566e+02
    6.348422524902503e+01
    1.225373122106976e+02
    1.024855071585216e+02
    8.970008926484752e+01
    1.018752557680511e+02
    8.895189099142385e+01
    1.076302465565834e+02
    8.949622639694553e+01
    1.512180907031757e+02
    9.699064909662070e+01
    1.067504949908505e+02
    1.115549518409114e+02
    1.006492755646082e+02
    4.550476768190379e+01
    7.393032347219901e+01
    8.878828527052178e+01
    9.806457520155504e+01
    1.148032720131641e+02
    9.283690416306854e+01
    1.276804818555502e+02
    1.944795950458342e+02
    8.711723223862919e+01
    7.874280427917711e+01
    1.101277892169014e+02
    4.245267177650931e+01
    1.289753862384521e+02
    6.331094078873775e+01
    1.255658129884807e+02
    4.765177195685055e+01
    7.996816579995652e+01
    1.085931802887194e+02
    1.023903298630751e+02
    7.772248569127896e+01
    1.498471423588319e+02
    1.108238857043909e+02
    1.193698358015854e+02
    8.426092700071990e+01
    1.272933366988775e+02
    8.525246337184626e+01
    1.220475414960890e+02
    1.242700215133516e+02
    1.158260789435315e+02
    5.150993394174861e+01
    6.586113243560817e+01
    7.730811510535659e+01
    1.077691909258897e+02
    1.028410073111479e+02
    1.331654848635355e+02
    1.152792908683591e+02
    9.075793005879518e+01
    9.362109962613772e+01
    7.633654566318000e+01
    1.205479234570760e+02
    8.353496322771662e+01
    1.053089272217187e+02
    5.593542957543036e+01
    1.032338524920954e+02
    9.872092905943873e+01
    8.950654343240672e+01
    9.798101290009413e+01
    8.545599541282400e+01
    7.081742283637141e+01
    6.368467924249330e+01
    1.042417303943716e+02
    1.025245346417705e+02
    7.740557147507275e+01
    1.050062367815019e+02
    1.601202285362513e+02
    8.871279837188581e+01
    1.176004659529713e+02
    6.481687672197040e+01
    8.500200581799049e+01
    1.060710576385770e+02
    8.184310501703180e+01
    1.358719873267046e+02
    8.302460943077563e+01
    6.351293513386622e+01
    8.503862586419018e+01
    9.132517463612544e+01
    1.584693969478667e+02
    1.446381434137538e+02
    1.139563298064286e+02
    7.519358592412459e+01
    1.042694655098262e+02
    1.821584173598580e+01
    8.635844015716202e+01
    6.199192516005837e+01
    1.088434512649894e+02
    1.265213419543636e+02
    8.408660466678953e+01
    8.740197580691074e+01
    9.018048212362146e+01
    7.659653038846159e+01
    1.213137652924843e+02
    1.235930179159959e+02
    1.075031810860003e+02
    8.518759156265901e+01
    8.894934821485890e+01
    7.273473889021602e+01
    1.058476107964748e+02
    1.451643099859041e+02
    1.154980107106394e+02
    9.224851382428824e+01
    1.026268559617347e+02
    9.289742741162286e+01
    1.154405839351455e+02
    1.257007687086900e+02
    1.244538494192250e+02
    9.777209405071176e+01
    1.072143532456857e+02
    6.344256241501967e+01
    1.173656997270598e+02
    1.304305616982640e+02
    8.089903913679677e+01
    1.314298086394047e+02
    1.158379314284753e+02
    1.923463437098712e+02
    7.620351185585832e+01
    7.848328581740475e+01
    1.411844028462565e+02
    7.762732294410853e+01
    8.590907347797497e+01
    1.068720018829583e+02
    9.124744123973528e+01
    1.124551069479605e+02
    1.015416333172811e+02
    5.346251943163793e+01
    1.558569079136623e+02
    9.150927826609859e+01
    6.633078844423721e+01
    1.324523041386578e+02
    8.318506488141907e+01
    1.470236679736820e+02
    1.015183146671552e+02
    5.688840575011568e+01
    8.370239375734968e+01
    1.038302859472765e+02
    8.218423713563766e+01
    7.699746496974058e+01
    1.175243439676922e+02
    1.178455664510034e+02
    6.035667638091127e+01
    1.013643416262903e+02
    9.312077380897904e+01
    8.770028342538467e+01
    4.127301320802985e+01
    1.143892861214965e+02
    7.401874299887822e+01
    9.735765380524981e+01
    1.363275692777950e+02
    7.804015459710740e+01
    1.274063119586731e+02
    6.131999732620670e+01
    3.615545668426080e+01
    7.388191196359912e+01
    8.284924680793893e+01
    1.378844853517876e+02
    6.126992256321728e+01
    1.499738512970384e+02
    1.079975225792145e+02
    1.058116175207454e+02
    1.001235943630184e+02
    7.163699326616211e+01
    1.098378634167909e+02
    1.364605383203445e+02
    1.144531550416548e+02
    9.297321683664222e+01
    9.830719492250182e+01
    4.154362916385139e+01
    1.076673195717672e+02
    1.442674617932926e+02
    8.863372671645152e+01
    9.837925120244790e+01
    1.230884667986709e+02
    8.708128313895600e+01
    1.246274061820907e+02
    7.006801146027101e+01
    7.290133965067184e+01
    1.091042164278952e+02
    5.999536207552183e+01
    7.469360131756730e+01
    5.727421817630216e+01
    1.029186143676486e+02
    1.166975490747666e+02
    7.196226980934966e+01
    8.826984357777974e+01
    1.135967117028235e+02
    9.589925678988948e+01
    8.616941440791948e+01
    1.369360166066178e+02
    1.261811545589546e+02
    9.181765617532733e+01
    1.000475790652467e+02
    1.102036664376669e+02
    1.342140695413934e+02
    1.429683452054928e+02
    7.827542483527282e+01
    7.266257432985412e+01
    1.149752845934461e+02
    1.262626770131885e+02
    1.303488623210080e+02
    1.194092021044503e+02
    1.181482954980436e+02
    7.739460375531962e+01
    8.366865754447531e+01
    1.060860121460667e+02
    1.157134059513146e+02
    1.341829369746927e+02
    1.032607244191945e+02
    8.860562291580095e+01
    5.786138586077527e+01
    9.092979977386335e+01
    1.303414234606896e+02
    7.873942410783116e+01
    6.312689353751693e+01
    8.080302233371981e+01
    1.086243125764111e+02
    9.209247874522021e+01
    1.055766610964065e+02
    1.051040265166330e+02
    9.747876323307878e+01
    1.251650729826122e+02
    1.010624544318921e+02
    9.662342455437624e+01
    8.181534392163371e+01
    1.037938088392082e+02
    9.833148217003099e+01
    1.382364581451156e+02
    7.761781848757096e+01
    8.246120268842105e+01
    6.291091484937056e+01
    9.845321985837472e+01
    6.910094288582741e+01
    1.054277004048981e+02
    9.357270841632840e+01
    1.060899245851022e+02
    1.406674300851012e+02
    8.998688888280185e+01
    1.445023841152170e+02
    1.460126417253343e+02
    7.515457563494920e+01
    1.118400251711114e+02
    7.111172329427859e+01
    1.827440218348727e+02
    6.602908995989765e+01
    4.258937288266452e+01
    2.410082079116705e+01
    9.345201526035225e+01
    1.112105788031579e+02
    6.567409638095796e+01
    8.007278506654757e+01
    8.653434710700708e+01
    1.436103604562823e+02
    1.160990020537133e+02
    1.021984954755897e+02
    1.123550603063245e+02
    1.087932554483871e+02
    5.695828812957870e+01
    1.059438498033785e+02
    8.912782788144227e+01
    8.562809679664497e+01
    1.200046469096640e+02
    1.228374334326759e+02
    1.023124275887301e+02
    6.922120603148073e+01
    1.213466463204327e+02
    7.577359795189409e+01
    1.308843613829117e+02
    1.143446772933100e+02
    8.282260785520407e+01
    1.174387270462512e+02
    9.217287595571520e+01
    7.333516254679580e+01
    1.211741696282127e+02
    1.045819357619393e+02
    3.929174476363983e+01
    1.432314601668918e+02
    1.320438764974540e+02
    1.389175666571862e+02
    9.850563128337853e+01
    9.683809495162677e+01
    1.494480065340178e+02
    6.666832116165665e+01
    9.106475762605783e+01
    9.958538805026251e+01
    1.350812343671896e+02
    1.226652964136383e+02
    7.955201771343013e+01
    1.042937177815020e+02
    1.178814778353342e+02
    1.051057820884546e+02
    9.827870785104892e+01
    1.128474730016296e+02
    7.716600332376970e+01
    1.138497783663922e+02
    6.124286217347617e+01
    1.395465014001854e+02
    6.532509026534626e+01
    9.417477279962213e+01
    8.481566651141293e+01
    9.864229133424374e+01
    1.025096299216727e+02
    1.095803788678109e+02
    5.867071581676555e+01
    1.103283727510222e+02
    1.759803126916984e+02
    1.216426431997729e+02
    9.718906339928594e+01
    1.222481224599755e+02
    1.139765564003392e+02
    1.082919423460010e+02
    1.246882099576351e+02
    1.290553015045623e+02
    9.492675153283813e+01
    1.400953662986956e+02
    7.435169602068072e+01
    6.881630781545937e+01
    9.574049039165629e+01
    8.915287316268063e+01
    1.254895884063967e+02
    9.071311212172986e+01
    8.160058566303519e+01
    1.092270937870137e+02
    6.928826374498499e+01
    1.102131201823977e+02
    9.369515784818191e+01
    9.595981910493265e+01
    1.426396476555090e+02
    1.043130172550605e+02
    1.061618605607168e+02
    8.224553527503531e+01
    9.408267913878035e+01
    7.543375554219665e+01
    1.265260327971453e+02
    5.344601383209124e+01
    1.071068704713787e+02
    7.977516590566211e+01
    7.622584881524290e+01
    1.000784951416415e+02
    8.916521378524976e+01
    1.172325130018464e+02
    9.040127151218257e+01
    1.086410321482276e+02
    7.867370295849241e+01
    8.566078257659910e+01
    9.517472703763360e+01
    1.488502677618158e+02
    9.756013515329869e+01
    7.362942314994939e+01
    7.209779332976609e+01
    1.007754496998780e+02
    9.095766584558191e+01
    7.310640070756108e+01
    9.840373942127485e+01
    1.517038188369031e+02
    7.021074439799577e+01
    1.183171047911890e+02
    8.938121191650794e+01
    8.723116071164213e+01
    1.063168435747002e+02
    1.135698273880416e+02
    9.431769367071297e+01
    1.108706793627459e+02
    1.044892595164515e+02
    6.775989838151077e+01
    9.708709458828821e+01
    1.204340846954801e+02
    8.840260414900968e+01
    1.044746620170599e+02
    1.014228164679344e+02
    9.535935843478114e+01
    8.968690748133099e+01
    1.205174002805848e+02
    1.008300324689424e+02
    7.958375651250094e+01
    1.162266051363372e+02
    1.219026440590653e+02
    5.968293774109952e+01
    1.135403717154929e+02
    7.967094927143762e+01
    1.220813824285017e+02
    1.473519432865442e+02
    5.246388109582995e+01
    9.991972447780427e+01
    7.160478619523019e+01
    1.407655534824960e+02
    1.299564027014651e+02
    1.598021050743796e+02
    1.101465726209733e+02
    7.773490659617210e+01
    8.704622386366168e+01
    1.031955669327670e+02
    1.419661877461715e+02
    3.304411285779679e+01
    1.028290391958626e+02
    1.093252285114545e+02
    7.874808052524713e+01
    1.093122304672602e+02
    1.220583201901377e+02
    1.583588541503150e+02
    8.373592488804320e+01
    9.881981461878127e+01
    9.234680507503185e+01
    1.145854546846886e+02
    9.119514450527504e+01
    1.002954524309609e+02
    6.509698934590915e+01
    6.924668023792947e+01
    1.107409650047748e+02
    1.083838896268423e+02
    1.141839325051762e+02
    1.208191126699353e+02
    7.927634686610872e+01
    1.392173142484660e+02
    1.033784251087309e+02
    1.192024615287403e+02
    9.993645703829088e+01
    8.517715280536549e+01
    9.157561743941756e+01
    9.321568213272599e+01
    2.765552168754880e+01
    1.035999198937202e+02
    9.333072781809960e+01
    1.173283304968243e+02
    1.352223283916555e+02
    7.555940683501035e+01
    1.513189456575822e+02
    1.140655746672940e+02
    1.040224225735790e+02
    8.149150342865710e+01
    1.123423242077274e+02
    5.535216432948459e+01
    9.457068422027078e+01
    8.486025036151773e+01
    1.041062182392602e+02
    1.347468208446901e+02
    7.623702878727158e+01
    8.100976559060086e+01
    8.435720662013409e+01
    9.507306751621627e+01
    1.072706047226598e+02
    1.058018259639709e+02
    8.487239883262419e+01
    1.062395182672321e+02
    8.791473194776813e+01
    1.237383393043490e+02
    1.208793849219478e+02
    1.210379611879227e+02
    7.575121364523511e+01
    5.766156016440618e+01
    3.489226786111317e+01
    7.961788101737056e+01
    9.389922594051541e+01
    1.075781452645958e+02
    9.149773878138944e+01
    1.496952263707522e+02
    1.154332543104545e+02
    1.375526641630415e+02
    7.225895830322429e+01
    7.153792539185588e+01
    1.301816624683579e+02
    1.136469212706834e+02
    1.289627306099567e+02
    8.558794377309937e+01
    1.741158026861058e+02
    1.055621818391842e+02
    1.284427190799681e+02
    9.159222665125640e+01
    8.698278291303609e+01
    7.082520737750201e+01
    5.470284803947948e+01
    1.358612473732524e+02
    8.688874698656377e+01
    1.127251690233720e+02
    7.091592533167614e+01
    4.723873367328110e+01
    1.163203178370634e+02
    1.131390282875395e+02
    7.577956275207839e+01
    1.398708986555096e+02
    1.245202493909642e+02
    7.165836717110778e+01
    1.104644238211574e+02
    7.461109280810547e+01
    1.441368982726442e+02
    1.556121224445883e+02
    1.027555207009823e+02
    1.780938365189616e+02
    9.027771278017099e+01
