    1.404243017898989e+02
    7.502487137412085e+01
    9.493474424431287e+01
    1.485400778863793e+02
    1.058681962969159e+02
    1.183972621295212e+02
    9.860078292116528e+01
    1.409028368230437e+02
    1.040270987017922e+02
    1.163229058946761e+02
    1.150966503984278e+02
    8.284314250907491e+01
    1.182621750153869e+02
    1.320895459686157e+02
    1.156584600368482e+02
    8.966755850312779e+01
    9.780265968805361e+01
    6.577750854603821e+01
    1.577888851944512e+02
    1.030563842425542e+02
    8.084421019858755e+01
    8.513010356835105e+01
    7.770809414140103e+01
    8.319905037151152e+01
    1.456283426212965e+02
    1.007100485158551e+02
    1.164828194347443e+02
    1.021333260592273e+02
    8.466053065535370e+01
    1.057216911677284e+02
    7.240525103210618e+01
    6.630503406358804e+01
    1.025368627360162e+02
    1.364131896911265e+02
    8.199256732110598e+01
    8.879641219684956e+01
    1.248433078553710e+02
    8.924306206183168e+01
    1.094568736195883e+02
    1.028465914779954e+02
    1.201846050925621e+02
    1.143685409029853e+02
    7.724270719979394e+01
    1.224540734726845e+02
    7.648525799301687e+01
    1.106103831018634e+02
    1.294663342513550e+02
    6.467069488458733e+01
    1.059817342243322e+02
    1.320608456561470e+02
    7.086884763552952e+01
    7.194535690842308e+01
    1.506289974559286e+02
    6.426785695597808e+01
    9.545194619599457e+01
    8.819556372778848e+01
    9.900244958944363e+01
    6.659083003584499e+01
    1.072520944288324e+02
    1.364098746386581e+02
    1.047295012105621e+02
    6.721447919389718e+01
    8.303461488274920e+01
    1.314579684861546e+02
    8.530414683549047e+01
    1.213984295296058e+02
    1.219313534088731e+02
    9.560031358870049e+01
    9.881220267149828e+01
    6.516086351315707e+01
    1.070416820841642e+02
    1.490921693512050e+02
    6.962321300400731e+01
    9.786007438640738e+01
    6.811422397251320e+01
    1.143652524703461e+02
    8.802984177830155e+01
    1.138763736592985e+02
    8.464197539450780e+01
    7.890573649514209e+01
    1.013807118567549e+02
    1.017895078586830e+02
    1.137807851462318e+02
    8.501701317319402e+01
    1.011571253247541e+02
    1.060560977272846e+02
    6.210521742671474e+01
    6.734647401515559e+01
    1.351725919604227e+02
    9.465991819320791e+01
    1.415422226610841e+02
    8.505307910793647e+01
    7.698534714385488e+01
    9.504335569839554e+01
    5.430086431917204e+01
    9.471485319457898e+01
    6.523129590523411e+01
    8.017355738006827e+01
    8.571284057790635e+01
    9.004099121053756e+01
    1.303385406726892e+02
    7.383212009282815e+01
    1.060117624153041e+02
    9.237824341274433e+01
    1.084932946658749e+02
    1.155650956774112e+02
    8.937661149229655e+01
    7.690722216970727e+01
    6.919108650848386e+01
    9.046507285263985e+01
    6.672716710298445e+01
    1.074696840493837e+02
    1.027169871330449e+02
    1.472740704301481e+02
    9.768013324677526e+01
    5.524589769362123e+01
    1.148672106079117e+02
    7.958906246133637e+01
    7.716333063780297e+01
    7.972937614574576e+01
    8.569557717692120e+01
    7.202730504966695e+01
    1.467496879785720e+02
    1.260689522286201e+02
    1.079294268314131e+02
    1.387065179516362e+02
    9.612186399917718e+01
    1.219729556380267e+02
    8.768150033817378e+01
    9.442920665644635e+01
    8.239937380119017e+01
    6.946368217407212e+01
    6.468767452370827e+01
    5.126752451588175e+01
    1.635475969781999e+02
    1.216513198677848e+02
    8.060799694534865e+01
    1.553877641770228e+02
    7.016140723410672e+01
    1.166942079089105e+02
    7.968523327485542e+01
    8.911635173431421e+01
    6.824444097889881e+01
    1.117131320824714e+02
    8.095776776225648e+01
    1.307973623834286e+02
    1.206509708381657e+02
    6.933013408079972e+01
    9.957010514309019e+01
    1.442456961283418e+02
    1.185221275879854e+02
    9.403640665292386e+01
    9.187069263982607e+01
    9.032761429436647e+01
    8.899604803928753e+01
    1.102982865066812e+02
    1.555389192604730e+02
    8.415776545401059e+01
    7.429790039765209e+01
    1.086929050113730e+02
    1.357218379208078e+02
    9.172420371041540e+01
    9.930389866915363e+01
    1.057941535570851e+02
    9.345038674920005e+01
    6.544247105149651e+01
    9.257925300267488e+01
    7.188888122902000e+01
    1.051166065579099e+02
    1.000966299774865e+02
    7.775377275145985e+01
    1.249411762014537e+02
    1.326166299122752e+02
    8.318289985936843e+01
    1.173050350342376e+02
    1.201872768726520e+02
    6.372541553310896e+01
    9.716534421134384e+01
    5.028580968037147e+01
    1.090866852281911e+02
    1.613205338965051e+02
    1.254746453715111e+02
    1.021028738776772e+02
    1.165004264829372e+02
    9.583381604477694e+01
    8.734804527591706e+01
    1.434784916244669e+02
    1.142339576646606e+02
    1.350549095885773e+02
    1.233980816206295e+02
    4.691050244943341e+01
    9.912134577613500e+01
    6.782855034950870e+01
    1.089983290644676e+02
    1.022612498124590e+02
    8.239700343477182e+01
    7.581444753254516e+01
    7.959676348155284e+01
    9.950831854612062e+01
    1.050984326620548e+02
    1.119099330416032e+02
    1.071799267199654e+02
    8.112171085084043e+01
    1.108662397510403e+02
    1.048145720679466e+02
    6.853752223835983e+01
    1.264534828775368e+02
    8.890357760087539e+01
    1.171668131617659e+02
    1.310175210191298e+02
    1.119740718012190e+02
    1.455046005360074e+02
    9.502493004705940e+01
    9.907990105598344e+01
    8.164150147684239e+01
    8.856095134934463e+01
    8.933564876842127e+01
    7.737415649138683e+01
    1.224804346130230e+02
    9.239130793370862e+01
    1.114340759265463e+02
    1.087313308157883e+02
    1.182384047009205e+02
    1.182808940690040e+02
    7.632355692822529e+01
    7.113421949082493e+01
    1.292079397302851e+02
    6.386792241094668e+01
    1.016195535050372e+02
    8.996627631655116e+01
    1.355092603661794e+02
    1.193143467784424e+02
    9.305017201174081e+01
    1.033993532222971e+02
    6.419032993511962e+01
    8.239460064221987e+01
    1.204194277906043e+02
    1.363303927733995e+02
    9.951849350843730e+01
    7.625041595162770e+01
    9.919038610394580e+01
    8.400809729425021e+01
    1.418539796568135e+02
    1.429487984933030e+02
    8.297524140238124e+01
    1.635963103708988e+02
    1.127307181570245e+02
    1.417201542444309e+02
    1.256441148821918e+02
    8.943336264315349e+01
    1.913282498117101e+02
    1.214073279869055e+02
    1.414659948023075e+02
    2.989142139728528e+01
    1.602413829597540e+02
    8.057738977367904e+01
    1.444450343430495e+02
    9.051378677146374e+01
    1.097744328460527e+02
    1.216599409204105e+02
    8.258367147586284e+01
    1.312820635454773e+02
    7.236038104418697e+01
    8.979386115498812e+01
    1.228953816844387e+02
    1.313976676218863e+02
    1.088964182154041e+02
    6.325441979622042e+01
    9.073960867705352e+01
    1.284838880512694e+02
    1.423837657220594e+02
    1.207032860693801e+02
    9.721132473368868e+01
    7.445091230508581e+01
    9.345209934820105e+01
    1.164627108264182e+02
    9.263162270952307e+01
    1.102900034677981e+02
    9.713832021839778e+01
    8.398757892423419e+01
    1.147545766654639e+02
    1.624538778736070e+02
    1.224608289237386e+02
    8.884007470779011e+01
    4.825055527228528e+01
    8.697156376980615e+01
    1.116108156190256e+02
    1.187713354103471e+02
    9.671506954234587e+01
    1.049593892652842e+02
    7.471774456221738e+01
    9.048011153978052e+01
    9.392507148918128e+01
    1.080882841396601e+02
    8.649755245104075e+01
    9.207871501903014e+01
    5.919730609649378e+01
    1.218776694529623e+02
    6.601568743962218e+01
    8.767757146036672e+01
    1.245559173552863e+02
    8.451449431621484e+01
    7.815014027272753e+01
    6.440046841789012e+01
    9.499124777105408e+01
    9.231705785951021e+01
    9.234540925041756e+01
    3.601917052981150e+01
    1.306534926410916e+02
    1.061837135803574e+02
    7.852488526542402e+01
    7.609840839940034e+01
    1.101114569017216e+02
    1.471844644905468e+02
    6.546205680499156e+01
    1.045107419773507e+02
    8.620310467155718e+01
    8.453012666186396e+01
    1.272089084723842e+02
    8.919509192882003e+01
    9.142399973095166e+01
    1.029064338764857e+02
    1.026072969001945e+02
    8.373713895569722e+01
    1.380482310304126e+02
    1.220550343250102e+02
    1.515660823701216e+02
    8.485555292243475e+01
    7.746213516693786e+01
    9.707052671743440e+01
    5.512933181994867e+01
    1.316220914022455e+02
    1.005889604894713e+02
    1.058172175419054e+02
    1.386473328376485e+02
    7.945677689245088e+01
    8.230084556827933e+01
    1.105221455601759e+02
    1.942554818747169e+01
    9.370858226415123e+01
    9.420958507711987e+01
    5.896458319961312e+01
    8.406148324357844e+01
    7.013438050240723e+01
    1.154410907179454e+02
    3.564290745075027e+01
    1.049518718133470e+02
    8.618875105543736e+01
    1.153143600711178e+02
    1.301082793397779e+02
    1.558317884966920e+02
    1.217987666178942e+02
    1.067663257004330e+02
    1.172820849834875e+02
    1.232785669135711e+02
    7.200738079239784e+01
    9.806697311401820e+01
    1.246111964035600e+02
    7.519487972141405e+01
    9.411062751422548e+01
    7.126090639266920e+01
    8.528609928995820e+01
    7.630772159777678e+01
    1.446692736805466e+02
    1.277983178437682e+02
    1.882473611709412e+02
    1.132270270015800e+02
    6.073655540733114e+01
    8.413802073114198e+01
    1.166788717493085e+02
    1.032841572414617e+02
    8.693319503310306e+01
    6.800818872794821e+01
    1.016321656928375e+02
    8.142101959350384e+01
    5.546088446095155e+01
    9.725073787737415e+01
    9.927050315960514e+01
    1.075324625642071e+02
    1.181630504227110e+02
    7.290476470785052e+01
    9.207534099034831e+01
    1.164773268895141e+02
    8.029527763432100e+01
    1.123810032449188e+02
    9.967088817535796e+01
    1.036230315188931e+02
    1.139948571878716e+02
    7.254725353633944e+01
    1.164416656133096e+02
    9.531246239548295e+01
    1.100192503385523e+02
    1.471188093473734e+02
    1.345017235184656e+02
    1.261372656362630e+02
    7.897511700833718e+01
    8.878289565559385e+01
    8.754792574079488e+01
    1.210697204918364e+02
    9.572633293372007e+01
    1.152606340544617e+02
    8.674074223882997e+01
    1.255549566881092e+02
    1.127899897139451e+02
    1.302483047499913e+02
    8.022544261150358e+01
    1.292433437917185e+02
    1.320845244183107e+02
    9.883799990651710e+01
    1.055099711282224e+02
    9.596155982594951e+01
    1.087752021107531e+02
    1.236356535248120e+02
    1.452614811826811e+02
    1.301079523967474e+02
    1.221103652008958e+02
    1.005504126218040e+02
    7.301342005247022e+01
    8.731416658184685e+01
    8.866739030081703e+01
    1.192081128883865e+02
    8.332623445796628e+01
    6.854141971546028e+01
    1.074177271355489e+02
    8.626443263511021e+01
    1.426389762381893e+02
    8.195550217217829e+01
    7.449113609968265e+01
    5.013334328928011e+01
    1.272846981175809e+02
    7.197378323603573e+01
    9.762648844495857e+01
    1.021161947250096e+02
    1.237080202331231e+02
    9.057245495779966e+01
    1.299910654323696e+02
    9.829385448736389e+01
    8.645503244200370e+01
    1.029775745940259e+02
    1.253527994118258e+02
    8.708660387317650e+01
    1.484258776606572e+02
    1.049050007425870e+02
    8.268455539534273e+01
    1.013490607631826e+02
    6.333053600081087e+01
    1.380240370857098e+02
    9.952228557165029e+01
    1.036298953436432e+02
    1.034412686976748e+02
    8.239912978656150e+01
    1.070360794887284e+02
    8.693012413283157e+01
    5.900707740878545e+01
    7.737122450013885e+01
    1.042633780491803e+02
    1.174787847446311e+02
    6.805245366672807e+01
    1.110839151880992e+02
    9.189403122043416e+01
    1.068506364870535e+02
    1.176722294212777e+02
    1.084392773083522e+02
    7.278391260228489e+01
    1.054032907275723e+02
    1.228851503830390e+02
    1.027541441442850e+02
    9.527285836603596e+01
    9.938084102870221e+01
    9.434415091676499e+01
    1.125377228739382e+02
    5.343774407257627e+01
    8.325616314771878e+01
    1.002204333950328e+02
    8.824006072565055e+01
    1.170226980153149e+02
    1.461339822372048e+02
    5.722589158951507e+01
    8.033402335418202e+01
    1.038862836893702e+02
    1.106962180829572e+02
    1.135477379805883e+02
    1.031553560585212e+02
    1.310316421247262e+02
    7.907447420245603e+01
    1.073566868253238e+02
    9.147275001863420e+01
    7.462550908140940e+01
    5.338013728730800e+01
    1.299158511367182e+02
    8.508757717767537e+01
    7.275104000308488e+01
    6.303000194936089e+01
    7.893160422731455e+01
    1.076350437902971e+02
    1.184252969555888e+02
    1.169262316950176e+02
    9.661463438217311e+01
    1.054811018961811e+02
    6.081549095146102e+01
    9.743713150192775e+01
    1.128868013194125e+02
    1.105535499109249e+02
    8.361319037180579e+01
    8.124018589155071e+01
    1.255662468521996e+02
    1.043839036223170e+02
    1.108699071885144e+02
    9.835353927651795e+01
    1.030396803437924e+02
    1.108786306069675e+02
    1.165437620197423e+02
    1.038294100508125e+02
    7.716607115549891e+01
    8.954424259617667e+01
    7.768998043740567e+01
    1.095400800756011e+02
    1.490750633457901e+02
    1.002876245011180e+02
    6.919819811281741e+01
    7.640092089693326e+01
    8.520846198200843e+01
    7.140684065753589e+01
    9.338702056983493e+01
    1.079237028116790e+02
    1.525393997839922e+02
    1.072690050107644e+02
    9.213346305283494e+01
    1.475297224278404e+02
    1.141794507390148e+02
    5.283175916387790e+01
    1.282967750253238e+02
    9.300925284630011e+01
    9.011025410519892e+01
    7.456482439608521e+01
    6.839526610509438e+01
    9.225036644782222e+01
    7.914324469955204e+01
    6.921902279193205e+01
    1.430808882053771e+02
    1.288685053992265e+02
    6.998651999706112e+01
    1.056844250684162e+02
    7.773334600386647e+01
    9.110889812066375e+01
    1.300346502199443e+02
    1.292023750723195e+02
    7.867286445031937e+01
    8.794546977867981e+01
    1.451138213940271e+02
    9.856025889294642e+01
    6.180275873067558e+01
    1.195077111445858e+02
    8.672219158098301e+01
    7.849120127675974e+01
    9.048881590679002e+01
    9.518032498964317e+01
    8.784002695720005e+01
    1.173995130271544e+02
    1.042836625844564e+02
    1.435986888808509e+02
    1.274589542986985e+02
    1.205683544709893e+02
    8.564011320287136e+01
    8.787096984000755e+01
    1.600307971303528e+02
    1.279543692848870e+02
    1.493105234739051e+02
    1.244349877840182e+02
    1.026952461654253e+02
    1.094434180120913e+02
    9.268432699235404e+01
    6.758396846931078e+01
    7.941907727354874e+01
    1.048605484044401e+02
    1.208917475186524e+02
    1.133753327978593e+02
    7.050538616375775e+01
    1.084313660414398e+02
    7.225881871537013e+01
    1.194530988397128e+02
    7.522030119351598e+01
    1.236295650099657e+02
    9.869711713014226e+01
    7.623882165263240e+01
    7.754972923726314e+01
    7.434983568389043e+01
    7.745848484521161e+01
    9.138911996295178e+01
    1.270889215832017e+02
    1.019262987425839e+02
    9.898146266267190e+01
    9.165733950923141e+01
    8.690556639939587e+01
    1.483704116652075e+02
    7.938990174787591e+01
    7.280825010443436e+01
    8.278460994833495e+01
    8.760893722182573e+01
    8.380813661578145e+01
    9.392646383920351e+01
    8.806182488327977e+01
    8.697547540314986e+01
    6.575457527505819e+01
    1.128608074223700e+02
    1.385892324338681e+02
    8.145051012264958e+01
    7.800649601261512e+01
    7.678449652527661e+01
    6.512349804346400e+01
    1.027055020812998e+02
    1.006847916043944e+02
    7.839218377712996e+01
    1.040261904028944e+02
    1.178584717048977e+02
    7.017985732761645e+01
    9.700759356617937e+01
    1.239961855444551e+02
    1.284256331661618e+02
    9.663042154729055e+01
    1.321907613781059e+02
    1.246509782409146e+02
    8.232429532012361e+01
    1.238508778640949e+02
    1.090543540299450e+02
    1.060495631290939e+02
    8.969793302136509e+01
    5.055524973454567e+01
    1.229315983051049e+02
    1.001144001758462e+02
    5.954088606869618e+01
    1.187250884603202e+02
    7.899827217833263e+01
    8.924820273073351e+01
    1.100856641119128e+02
    9.904432516974566e+01
    8.044439254546432e+01
    1.272520314191650e+02
    1.053301208407095e+02
    1.156893204790447e+02
    8.803200391472160e+01
    1.042075033882838e+02
    1.000076672958335e+02
    7.163095264072354e+01
    1.172662002105585e+02
    5.126992974846758e+01
    7.427698141583733e+01
    8.458935824436708e+01
    8.905442611656554e+01
    1.064068752972207e+02
    1.244549804326243e+02
    9.980040366111098e+01
    8.286525376021928e+01
    7.212210301348819e+01
    1.132572205756082e+02
    7.996240759445868e+01
    8.477382574786361e+01
    1.005345441605289e+02
    1.055990747985993e+02
    9.968980712741313e+01
    1.097793155760553e+02
    1.078296758357703e+02
    1.132701670508936e+02
    7.024299244217787e+01
    1.230112606551165e+02
    1.041201774490651e+02
    8.583813446107229e+01
    1.099624297475600e+02
    1.349847647200500e+02
    1.330769569111010e+02
    1.732749523304733e+02
    7.498837684813680e+01
    7.496851039962507e+01
    7.249354915481490e+01
    8.560348051291612e+01
    8.957631039232638e+01
    7.211254711663287e+01
    1.742647881789765e+02
    8.262284790470858e+01
    1.051465454123650e+02
    8.476091228072278e+01
    8.472684749558653e+01
    1.510832730376330e+02
    6.499602024600449e+01
    1.141993917636955e+02
    1.016614221156192e+02
    1.212220737547443e+02
    1.086101230635700e+02
    8.260852683031544e+01
    1.199634183320461e+02
    1.425881152333648e+02
    1.185632980561059e+02
    9.743252870636411e+01
    7.462747043965692e+01
    9.230021926928089e+01
    9.280903308187703e+01
    1.330947899179091e+02
    8.919328347954547e+01
    1.056101098479235e+02
    9.254667987908306e+01
    1.406411288814706e+02
    5.579543760428919e+01
    7.424697845280207e+01
    9.212506202819782e+01
    8.784034215794236e+01
    7.927843300561790e+01
    9.996185536776011e+01
    1.088413655737918e+02
    1.148878504562208e+02
    9.307867976623243e+01
    1.098323883206717e+02
    1.183623731292630e+02
    6.601276798179242e+01
    1.308119159229807e+02
    6.772641155955853e+01
    8.853648833194143e+01
    9.147542111077200e+01
    8.850571808114296e+01
    1.383320433970039e+02
    1.020035596893285e+02
    1.069364931077405e+02
    1.140586758667735e+02
    5.434388910337134e+01
    8.623675886341402e+01
    6.750176611037091e+01
    1.223292988751984e+02
    1.115339735996599e+02
    1.155378806129670e+02
    1.099443015337715e+02
    8.715889052748821e+01
    7.987110064002763e+01
    7.733023540488716e+01
    1.499967520434404e+02
    1.327410237857339e+02
    9.500051899715004e+01
    7.361739600912642e+01
    8.376186800165442e+01
    8.594802655754052e+01
    9.721037317524519e+01
    1.281813271547435e+02
    7.091583648867754e+01
    9.512414034937819e+01
    1.111040139686190e+02
    6.004830960954564e+01
    9.109726940990186e+01
    1.225127065325682e+02
    6.307423160181884e+01
    7.675690715228711e+01
    1.088967501601701e+02
    8.007305551443324e+01
    8.904838312793686e+01
    6.111618669860263e+01
    8.188257244408987e+01
    7.342853714972989e+01
    1.177042152227114e+02
    7.588297731305943e+01
    1.426563089982642e+02
    5.273553858303558e+01
    8.586858135040757e+01
    2.816773025835232e+01
    7.427311069090592e+01
    8.832363110472670e+01
    9.051844606633722e+01
    1.065938591071153e+02
    9.814325606852663e+01
    9.800626702602017e+01
    1.169901492551674e+02
    8.724226509577989e+01
    1.021233712286494e+02
    1.132721784721628e+02
    1.036499785856790e+02
    1.081645997191333e+02
    1.170643677838098e+02
    1.100923148922641e+02
    9.584851032412075e+01
    1.095834404308403e+02
    6.856895671769621e+01
    1.251897129814245e+02
    1.021075491793033e+02
    1.639794805581448e+02
    1.140543509860731e+02
    1.086287816803213e+02
    1.425450186538910e+02
    6.730104107482020e+01
    8.976908783078443e+01
    1.083153745513073e+02
    1.494479644497824e+02
    9.159050061240919e+01
    7.457407330949309e+01
    1.071492810553048e+02
    6.431650901561397e+01
    1.393195865991333e+02
    8.815681838282899e+01
    9.380838306485884e+01
    1.089531220707556e+02
    1.032119389631760e+02
    9.836894563338888e+01
    9.855269039664449e+01
    1.404044542616532e+02
    9.478065379206100e+01
    1.145941994083660e+02
    1.092168238742545e+02
    7.989420772141216e+01
    8.885660038353080e+01
    6.719087335446716e+01
    8.581056742594910e+01
    1.076095891549892e+02
    9.042215498552082e+01
    8.928845677733193e+01
    1.068617507442320e+02
    1.227367210116961e+02
    6.068855703947065e+01
    1.426256245120396e+02
    1.823544658632534e+02
    8.458232380618597e+01
    1.301901097321604e+02
    1.000822976263771e+02
    8.206647967956087e+01
    9.852145841288234e+01
    1.631134736931335e+02
    1.148145214626265e+02
    1.198911000410772e+02
    5.862122024237124e+01
    5.458678068810286e+01
    8.105411900907825e+01
    9.704349385043088e+01
    1.061679024972341e+02
    1.209774931230118e+02
    1.192291639178643e+02
    1.146920456665828e+02
    9.824810002305981e+01
    1.421915929541285e+02
    9.119807570860075e+01
    1.031357184730939e+02
    5.003056040492766e+01
    6.950540344675233e+01
    1.132922821105581e+02
    6.028947399603567e+01
    8.708451871897523e+01
    1.197906232848072e+02
    1.469177103488619e+02
    1.482896503916209e+02
    8.695320209015335e+01
    1.447866818264697e+02
    1.239850470596980e+02
    8.772740892454181e+01
    1.140851409259392e+02
    6.582074863958496e+01
    9.073995636015411e+01
    9.004851749451063e+01
    1.081002814939541e+02
    1.018276172557864e+02
    6.644662569831780e+01
    8.318269920641228e+01
    4.480684206682895e+01
    9.053523381043192e+01
    1.437347885714155e+02
    9.266446084110498e+01
    1.279564893622876e+02
    8.689883894762147e+01
    8.824841773544790e+01
    8.837637863333953e+01
    1.053792081968766e+02
    1.082869150912870e+02
    6.977629150106736e+01
    7.448081523779933e+01
    5.267898779305938e+01
    8.364206325357372e+01
    9.068362016382594e+01
    6.500215517856645e+01
    1.469169341676684e+02
    1.669819400983386e+02
    1.053786245536480e+02
    8.370365241717423e+01
    8.207570933615216e+01
    6.104433659971050e+01
    1.039292231781224e+02
    1.009491693817677e+02
    1.015502442795696e+02
    1.106507153211919e+02
    8.331668237336885e+01
    9.950620755892260e+01
    1.006993835173830e+02
    8.718954587019084e+01
    1.720304075185561e+02
    6.716097798374790e+01
    7.607293503991400e+01
    1.240834600356334e+02
    1.306771820365213e+02
    1.472754742679649e+02
    1.057691039500082e+02
    6.576963071588693e+01
    1.177428865269246e+02
    7.602722962485018e+01
    1.027609322289186e+02
    8.575712320933576e+01
    8.838665263757775e+01
    5.430858535763377e+01
    1.074580715330023e+02
    8.994727677161450e+01
    1.187765134680899e+02
    1.034190856140731e+02
    1.068304853318330e+02
    1.034808610594416e+02
    1.416557796696509e+02
    1.042225089541228e+02
    6.269608718693917e+01
    6.716138272595913e+01
    7.567432877672900e+01
    1.202174473587593e+02
    9.004453079925838e+01
    9.365417222157589e+01
    1.015717599637139e+02
    6.335705114565144e+01
    9.039109647899863e+01
    8.349124761151415e+01
    9.446542409603580e+01
    6.124335164629088e+01
    1.117848545997811e+02
    6.362609896307958e+01
    5.899423984925079e+01
    1.205393251790576e+02
    9.572787817100561e+01
    1.286150963066268e+02
    9.548781038389961e+01
    1.026304705824634e+02
    1.009516511263303e+02
    1.226550243821339e+02
    8.182909974318022e+01
    8.033341095233595e+01
    1.250006767938248e+02
    1.035213654219365e+02
    1.316470576476968e+02
    1.458708780054110e+02
    8.741121847374075e+01
    1.070632662631135e+02
    1.110469989519970e+02
    6.441387010359222e+01
    1.066619902852904e+02
    9.515454968071481e+01
    1.092792695975265e+02
    1.354979067334489e+02
    5.312942339521783e+01
    1.381033123038446e+02
    1.069594201521488e+02
    6.817134780242100e+01
    1.078539311545569e+02
    1.773008942028059e+02
    7.797288254371438e+01
    1.298376109546757e+02
    1.250371221190903e+02
    6.541651992571474e+01
    1.217062971208975e+02
    1.371502809101185e+02
    6.053285736651219e+01
    9.927555688141410e+01
    6.942374072849816e+01
    1.769056791514470e+02
    1.247320371132662e+02
    7.050028184196890e+01
    8.379099747554164e+01
    9.275602292728991e+01
    1.133462708914453e+02
    8.295440612976336e+01
    8.458751929758137e+01
    4.783630554289516e+01
    6.183891932809956e+01
    1.344311523982719e+02
    1.521581831211324e+02
    1.331209326241731e+02
    5.885765959887522e+01
    1.191902086335972e+02
    9.688620142105947e+01
    7.318116457046813e+01
    6.329872631389890e+01
    1.479269697444454e+02
    9.754912658817261e+01
    8.161796666427335e+01
    1.295601340135931e+02
    1.420226458999059e+02
    9.717437300132701e+01
    6.500102452788610e+01
    1.177182668483897e+02
    8.590858229195874e+01
    1.118208319683094e+02
    1.601718157428832e+02
    1.160675208597729e+02
    7.997846041574121e+01
    9.797452422210085e+01
    8.881643279946729e+01
    1.432164463096422e+02
    1.074099667510279e+02
    9.821472881322507e+01
    9.676714284008426e+01
    1.158711293236877e+02
    9.991543625468807e+01
    1.851479915920004e+02
    4.751878453181007e+01
    8.145908019111857e+01
    1.399130673037200e+02
