    8.338802798362963e+01
    9.437040064708552e+01
    9.747910708685944e+01
    1.195067395114503e+02
    9.729955046209236e+01
    1.134816561978934e+02
    1.273053497247025e+02
    1.055074708919270e+02
    1.009159345585362e+02
    1.168598252260716e+02
    8.567064719085006e+01
    1.037908512288762e+02
    7.094814029647924e+01
    1.126332366454863e+02
    1.334637369453596e+02
    7.130312469390992e+01
    6.242242233775222e+01
    1.344951197751473e+02
    9.936007554944416e+01
    1.083655475304803e+02
    8.597548114366674e+01
    9.421193877602661e+01
    4.242388820228150e+01
    1.100970482784514e+02
    1.250002670798538e+02
    7.875326144469177e+01
    8.466879357162091e+01
    1.141385740178185e+02
    1.348560511043045e+02
    1.053343750432626e+02
    1.167331146533318e+02
    1.045773900798293e+02
    1.038157815795854e+02
    1.384611621909600e+02
    8.923745899562874e+01
    6.063240818861033e+01
    1.021316219380757e+02
    9.985891510358378e+01
    9.888511948231788e+01
    8.596319013356386e+01
    1.446768443162854e+02
    9.547554822668936e+01
    9.135831784994274e+01
    7.616759130585393e+01
    7.217035098815273e+01
    8.623445824680793e+01
    1.053372122474692e+02
    1.219652171398420e+02
    1.397828922750595e+02
    1.009812695283561e+02
    8.206427893077809e+01
    1.338044744084399e+02
    7.289653952000265e+01
    1.003018239802424e+02
    9.067472923970755e+01
    1.039482545249082e+02
    1.233844167715534e+02
    1.078160825656266e+02
    1.256874207860806e+02
    9.897896588587180e+01
    7.395328244037977e+01
    1.407905609954634e+02
    1.045953062967202e+02
    8.019487921057532e+01
    1.285808419547386e+02
    1.006146150055147e+02
    9.538981109542689e+01
    1.061481549887522e+02
    8.448890438950130e+01
    1.123722600267206e+02
    1.138816372925530e+02
    3.941000924970439e+01
    1.163223398979395e+02
    1.039325017768115e+02
    1.607630703479177e+02
    1.240079139610187e+02
    8.724758494300517e+01
    1.111951788019978e+02
    1.144009265722399e+02
    1.032342084528820e+02
    8.399583358465904e+01
    1.233481085900998e+02
    1.162888007746855e+02
    1.413068966153376e+02
    3.935702487406871e+01
    5.209145099882946e+01
    6.865429413422120e+01
    9.908367773103492e+01
    7.978707690006118e+01
    1.032738477481590e+02
    1.382671801494213e+02
    7.913198336592274e+01
    1.179315865066174e+02
    9.415860752763834e+01
    9.594474480046571e+01
    1.091652193207585e+02
    7.779770312636970e+01
    1.040074444938404e+02
    9.901623916226484e+01
    7.244503316025742e+01
    9.742732753111682e+01
    9.215926366298163e+01
    7.861528047519954e+01
    6.275567928283039e+01
    1.272225380297547e+02
    1.180930250083806e+02
    8.872399251383200e+01
    1.283329472884495e+02
    8.315481244107986e+01
    1.372457553283502e+02
    9.592336510264914e+01
    6.546711824520344e+01
    1.083213297569436e+02
    5.497017255942083e+01
    7.127242283464625e+01
    8.418739924878594e+01
    1.004681786094299e+02
    6.768584173598171e+01
    1.149485378937938e+02
    1.419773557440321e+02
    9.435743837425775e+01
    8.418974411872696e+01
    1.007474118629949e+02
    9.132113815214822e+01
    1.022350153118549e+02
    7.741765622533549e+01
    1.141781400982441e+02
    8.386388314189261e+01
    1.179905427216302e+02
    1.054502192237152e+02
    8.339182207497231e+01
    1.262258594136395e+02
    1.408557800484110e+02
    1.363440518196296e+02
    1.114211622464518e+02
    7.345293612346154e+01
    9.222672705939885e+01
    1.079183206453041e+02
    1.065750112901679e+02
    7.531161145327616e+01
    1.077160549808522e+02
    1.492570319391663e+02
    9.095386573109636e+01
    7.819016228480280e+01
    1.123706941803658e+02
    8.476117291839131e+01
    9.242787858929177e+01
    7.598703440492216e+01
    1.078031095041021e+02
    1.209946347941064e+02
    4.316088652208123e+01
    1.428410215273283e+02
    1.089034674193391e+02
    9.056012766843622e+01
    1.204765453542734e+02
    9.721521664620269e+01
    1.082194231220470e+02
    7.574945602781781e+01
    7.347667026665818e+01
    1.303170396941863e+02
    8.431844766972063e+01
    9.537544556698379e+01
    1.442735813026354e+02
    7.470187516403513e+01
    1.125818562178904e+02
    1.065595049191367e+02
    1.085129793477518e+02
    1.150746399064158e+02
    1.211651946300290e+02
    1.026512411991720e+02
    1.018428763166412e+02
    8.997144483879055e+01
    6.520520966559360e+01
    1.033863634782571e+02
    1.199809807987185e+02
    8.432103301419403e+01
    6.073971588543259e+01
    1.030268113525057e+02
    8.043712833537853e+01
    1.128739476986800e+02
    7.918276260665436e+01
    1.060958778484920e+02
    8.128791411515749e+01
    1.323037144701854e+02
    7.950990077880562e+01
    8.231911600389822e+01
    1.486174685323448e+02
    9.973004245772103e+01
    1.329208184334121e+02
    1.026943076738567e+02
    1.256570621412430e+02
    1.141244775161692e+02
    1.106559950319559e+02
    7.712671826069624e+01
    4.366765904543684e+01
    1.283827967927604e+02
    1.075158389207269e+02
    1.095310791902915e+02
    9.822414453619729e+01
    8.774525231769587e+01
    9.529241030555170e+01
    9.943667063659831e+01
    8.228281773073689e+01
    8.905774054309830e+01
    1.374818509905492e+02
    1.096708971565275e+02
    1.017528597431382e+02
    9.959291674350197e+01
    1.108273896194638e+02
    5.353197396319302e+01
    7.649264642510587e+01
    6.168179717640783e+01
    1.070007957560898e+02
    1.023710720194634e+02
    9.953109058972700e+01
    8.286936893545146e+01
    1.123547044858583e+02
    1.407157548771221e+02
    1.123541648890188e+02
    1.035741964896508e+02
    1.317648703000989e+02
    7.186085613521129e+01
    8.516293959477338e+01
    8.600816427705666e+01
    6.740863986458237e+01
    9.640857809216755e+01
    9.354980767589154e+01
    1.492826366823979e+02
    9.954527951840078e+01
    7.727079057183488e+01
    6.355920470685504e+01
    9.595965307060851e+01
    8.302773521302896e+01
    8.834530985908941e+01
    1.085807342807027e+02
    1.015412826193244e+02
    9.597957009528756e+01
    7.224142620810767e+01
    7.084144402758085e+01
    9.907248277299772e+01
    1.329287882378657e+02
    1.375666508881213e+02
    1.137782208942642e+02
    7.951009972356019e+01
    1.133656787760663e+02
    1.015468950811325e+02
    9.495953008423328e+01
    6.830145556942085e+01
    1.390947199551411e+02
    1.453103180995379e+02
    1.046229100864025e+02
    1.403209894925592e+02
    5.722081912857078e+01
    8.410338313320665e+01
    1.165747697754554e+02
    7.462780392985309e+01
    4.467560039373154e+01
    1.044218721178515e+02
    1.283313692181179e+02
    1.405710150019496e+02
    1.177676474407775e+02
    1.321907752268368e+02
    1.357061043992923e+02
    7.774315485862076e+01
    8.720021609590162e+01
    1.139945788040916e+02
    1.079471138506045e+02
    1.372914549232587e+02
    1.204021568304523e+02
    1.215449625577168e+02
    7.488344297725178e+01
    6.799559354249595e+01
    1.091221874606435e+02
    7.485590482173905e+01
    8.043647385122881e+01
    1.104411018469125e+02
    8.856936622279079e+01
    8.424472352577538e+01
    1.277426750256683e+02
    6.605918867166736e+01
    7.345243120403552e+01
    8.513758956987033e+01
    1.040280745401247e+02
    7.758578764157960e+01
    9.172028214808449e+01
    1.101555606304134e+02
    1.456322735184528e+02
    1.525668037620250e+02
    1.132097159737981e+02
    8.562753222062838e+01
    9.295973300750802e+01
    1.174282402249349e+02
    8.523582756001758e+01
    5.684385637620153e+01
    1.078214646688940e+02
    1.328814043362155e+02
    5.156637395890016e+01
    1.038665007754099e+02
    9.803051859671314e+01
    1.319960723344639e+02
    8.317634288409522e+01
    5.494869087801760e+01
    1.030056771593866e+02
    9.527286167392276e+01
    8.245717848585230e+01
    7.244774765392947e+01
    4.331480008817493e+01
    1.283473048914834e+02
    8.843080794711284e+01
    1.471875393032025e+02
    1.396511290139034e+02
    1.064687058879315e+02
    9.244588782426888e+01
    1.369027456119363e+02
    7.579749638658939e+01
    1.000794456002279e+02
    8.251604954712207e+01
    1.030679209690908e+02
    7.805747438041521e+01
    1.072894272152013e+02
    1.153136333724956e+02
    9.065774177501112e+01
    8.908164767432822e+01
    9.849838879908191e+01
    9.265485073735022e+01
    1.572434276178194e+02
    9.477807610423042e+01
    8.699127602487465e+01
    7.974759884778564e+01
    1.040726468717958e+02
    9.192338894559498e+01
    9.960095307905021e+01
    1.097644462014216e+02
    7.469822899002111e+01
    1.304384919543588e+02
    8.942165623373455e+01
    1.267443355481015e+02
    1.041827258914287e+02
    8.872048895466037e+01
    1.129021137850572e+02
    1.343788115688852e+02
    7.022884202824685e+01
    7.472121963763243e+01
    4.720210836837964e+01
    9.997363854185267e+01
    1.361535396198855e+02
    1.576790073753000e+02
    1.019098119391350e+02
    6.765483509457397e+01
    1.480807096944585e+02
    7.800143362577728e+01
    6.022057119030080e+01
    6.280149158448296e+01
    1.441462415032299e+02
    1.006960885847121e+02
    8.537320407402888e+01
    5.171698296176714e+01
    9.454167922974591e+01
    1.255406480671780e+02
    1.274570101265869e+02
    1.184564972160695e+02
    5.848819372090077e+01
    3.912703147731008e+01
    1.146027851792951e+02
    8.525463424250404e+01
    1.211992051032053e+02
    9.100963727155204e+01
    1.101517132037168e+02
    5.799308970251218e+01
    1.059476897034511e+02
    5.283661208683043e+01
    1.186193241770684e+02
    1.297892943139772e+02
    9.145342297021102e+01
    8.855136214697893e+01
    1.506191788050018e+02
    8.627784734972181e+01
    1.367022573942819e+02
    1.481582740036731e+02
    1.033294501589558e+02
    1.216847896674284e+02
    1.363772494417196e+02
    1.051970810671793e+02
    1.119554383889357e+02
    9.410073601579313e+01
    1.044378722298779e+02
    1.498041344300441e+02
    7.657013140165816e+01
    6.991457660488379e+01
    1.100268760143877e+02
    4.801604874527868e+01
    8.774462047075303e+01
    8.607368463697753e+01
    9.612752564047184e+01
    1.420928874227008e+02
    9.526128777721851e+01
    1.070996393717132e+02
    9.852312129244240e+01
    1.293004017918508e+02
    1.418906555763249e+02
    9.116662570843800e+01
    1.041486537721374e+02
    1.127168222153500e+02
    3.384237536560420e+01
    9.424302720011781e+01
    1.371130561505066e+02
    9.523922771855382e+01
    7.964772872476544e+01
    7.047568568329098e+01
    1.078428292942294e+02
    8.614304073411631e+01
    5.429098525802715e+01
    6.544871252563098e+01
    8.393589846310817e+01
    8.747174220057616e+01
    1.046775632201968e+02
    1.131910606206611e+02
    6.522662168261547e+01
    8.725105800826157e+01
    1.293118132200817e+02
    1.045557731779735e+02
    7.092339708221800e+01
    8.241710913898999e+01
    8.365369486438510e+01
    1.374068257822444e+02
    8.521939714791074e+01
    1.235621618526972e+02
    9.569395102597127e+01
    9.786289841486621e+01
    9.134394395262291e+01
    6.240730156066888e+01
    1.071895483290717e+02
    7.513655570321532e+01
    9.935937209162319e+01
    8.873506040420125e+01
    7.552630377696460e+01
    1.193601521663055e+02
    1.139579739268646e+02
    9.837199561970976e+01
    1.008543072078612e+02
    1.330204193248164e+02
    1.060211526719451e+02
    1.008716226773902e+02
    1.274990933323403e+02
    9.073891279060433e+01
    9.154421243561160e+01
    9.054726989118024e+01
    9.055010081641228e+01
    1.112580216266554e+02
    1.197418846960875e+02
    8.743002561944877e+01
    1.383008177560873e+02
    1.116730247076714e+02
    5.355510720465475e+01
    8.548373994072335e+01
    8.369818397674692e+01
    1.198148777808444e+02
    1.135005275946895e+02
    7.376604534160208e+01
    1.217201547285595e+02
    1.182804045494868e+02
    7.629048448338665e+01
    1.137135918662000e+02
    1.282279988062476e+02
    8.322659139357597e+01
    1.073456856043384e+02
    6.228749543556546e+01
    9.247733252702346e+01
    1.060594721038973e+02
    9.793624028180488e+01
    1.193555512777715e+02
    6.382626627639752e+01
    1.100601096527373e+02
    7.732194221025338e+01
    4.307388140170644e+01
    1.063354934731791e+02
    6.910978503030321e+01
    8.525687910860483e+01
    7.681894173421256e+01
    1.112180062103738e+02
    9.474249322548417e+01
    5.669557235326067e+01
    8.533405610275736e+01
    7.654938572253116e+01
    1.291687313791607e+02
    4.896200168760970e+01
    9.280191204894436e+01
    1.219172504926587e+02
    1.148926803572266e+02
    1.310647174428112e+02
    1.039789315499974e+02
    1.005997415380108e+02
    8.762091791270166e+01
    6.525150665711692e+01
    1.281108981841851e+02
    8.553923125041479e+01
    1.233534067075004e+02
    9.891872482295980e+01
    8.580780908360907e+01
    1.421156185347627e+02
    1.074701678681294e+02
    1.177084707999842e+02
    6.024522740621137e+01
    7.525270331012678e+01
    8.831172687077469e+01
    9.474414136650523e+01
    9.753963062895764e+01
    1.024451284564509e+02
    9.688748507384787e+01
    1.313230013968791e+02
    1.373583873741660e+02
    7.567873601487122e+01
    9.533455621138842e+01
    6.089286233699681e+01
    7.111340878262354e+01
    1.031395185557869e+02
    1.157605103244612e+02
    9.712275033247579e+01
    7.462192779219095e+01
    7.955475780479446e+01
    1.002153290019953e+02
    1.086002808219200e+02
    1.079292010696395e+02
    6.449488775985060e+01
    9.182879697744966e+01
    8.137240245460589e+01
    9.662604751289791e+01
    1.143360503963720e+02
    9.999476519079394e+01
    1.039006774075665e+02
    1.237191080289426e+02
    8.360093372940810e+01
    1.276757577694389e+02
    8.083004205328734e+01
    1.176756967087715e+02
    9.666371694509280e+01
    6.712198182936959e+01
    1.362796154180194e+02
    6.382118706515598e+01
    1.124488193375782e+02
    1.005923458681343e+02
    9.694915510738042e+01
    6.560287094028467e+01
    9.492819443936924e+01
    1.596580880700458e+02
    1.727042927963123e+02
    8.943502265864936e+01
    1.038811477037007e+02
    6.426499392663800e+01
    9.829624348979905e+01
    7.353211185279292e+01
    1.351993400003801e+02
    1.256619681488792e+02
    1.240415977875114e+02
    1.233041301140304e+02
    5.811501236013441e+01
    1.716324871009476e+02
    1.628452625528564e+02
    1.389606428690445e+02
    6.820564244495131e+01
    6.967730240095648e+01
    9.425176872087491e+01
    8.095120738647779e+01
    1.333519911680003e+02
    6.839318307585927e+01
    9.463336316985988e+01
    1.307659538547546e+02
    6.990841996480185e+01
    5.599965447234695e+01
    8.242850161190859e+01
    1.036995759042361e+02
    1.163364596675478e+02
    1.092941744255154e+02
    5.346685760398145e+01
    1.359804714289908e+02
    7.079154927813647e+01
    8.314999100981254e+01
    1.316936398388918e+02
    6.568029859623380e+01
    1.147068642927024e+02
    6.894477690050053e+01
    7.697013335414681e+01
    9.245496523617248e+01
    1.012033637556328e+02
    1.105805351039282e+02
    1.075041405323395e+02
    1.010846396355907e+02
    9.777417072633284e+01
    9.721303269623036e+01
    9.870532198086835e+01
    1.192642403437742e+02
    9.719299632406205e+01
    1.044358497868996e+02
    1.356947058377420e+02
    7.309712226106285e+01
    1.244889719386094e+02
    1.103825593079478e+02
    8.488670169391185e+01
    1.276424732879423e+02
    1.054227760741026e+02
    6.078099962379611e+01
    9.594219187877911e+01
    1.414125770919941e+02
    5.178194277182115e+01
    8.755875147296479e+01
    9.065981600843884e+01
    1.129330341438083e+02
    1.307906364548296e+02
    8.979241474418018e+01
    1.113330547500300e+02
    1.233164569914106e+02
    5.217947502151333e+01
    5.939747960514183e+01
    6.844889167049473e+01
    1.217368598529163e+02
    1.219685580598377e+02
    8.665924338087621e+01
    1.439288240745202e+02
    1.056902881255644e+02
    9.281593152942492e+01
    5.935014284818749e+01
    1.493779852899922e+02
    1.068954788108294e+02
    8.710849382817628e+01
    1.124510842328698e+02
    8.645170467427647e+01
    1.219806534588156e+02
    1.256318966606455e+02
    7.115805547495938e+01
    1.293883532974564e+02
    1.114376756045715e+02
    5.279516665435608e+01
    1.461323229265065e+02
    1.048610922573960e+02
    5.025322204183681e+01
    9.259460235630854e+01
    1.258117894183817e+02
    8.947474829034718e+01
    8.970482527911258e+01
    9.392845447251943e+01
    1.172629419544569e+02
    1.281631320061786e+02
    7.448267813653842e+01
    9.601157185363718e+01
    1.081473208845318e+02
    7.105160456334033e+01
    1.183936920002361e+02
    1.163848424100604e+02
    5.758512173490544e+01
    9.686394478792522e+01
    1.385792885239209e+02
    7.369949493797321e+01
    9.965929345549171e+01
    9.257370297539978e+01
    1.380674029603028e+02
    1.025944717607217e+02
    8.610774011302738e+01
    1.001178397598153e+02
    1.141604692142130e+02
    1.283083650704486e+02
    1.258260780294847e+02
    1.239731407255306e+02
    8.662287474161872e+01
    1.378300525139696e+02
    6.205711542857898e+01
    1.012902105439775e+02
    9.049535050719669e+01
    1.360603863026597e+02
    8.227210265349754e+01
    1.187137027516781e+02
    1.320494189656733e+02
    7.639318841056365e+01
    8.007188053546543e+01
    9.160838241261331e+01
    8.972698199623437e+01
    8.518973806951749e+01
    8.036715203535209e+01
    1.064391908520076e+02
    1.447207637399833e+02
    1.860821695242305e+02
    6.552112539751192e+01
    9.039464424057996e+01
    1.262315831985131e+02
    8.562208359446572e+01
    1.242748963627150e+02
    1.199477049676852e+02
    9.705225618693817e+01
    8.394827402313467e+01
    9.548359404673647e+01
    8.829624511485690e+01
    5.878854375082597e+01
    6.639532734903810e+01
    1.288308253816797e+02
    1.008179529690585e+02
    9.731780569693115e+01
    1.045690091397773e+02
    1.089872499623505e+02
    1.013269752233589e+02
    9.290029710865383e+01
    6.816407740984118e+01
    1.361842375000390e+02
    1.408033698165480e+02
    1.317391498435143e+02
    8.071262868071358e+01
    7.411786516810935e+01
    9.439538344220978e+01
    6.742592751468806e+01
    9.843508460010639e+01
    7.324421056026495e+01
    1.294810165110982e+02
    6.002685611409106e+01
    7.350314760058268e+01
    1.125982783243865e+02
    9.708726395725648e+01
    8.225052498899004e+01
    8.386617431478953e+01
    8.023718995621834e+01
    1.286110914823314e+02
    9.220936350974625e+01
    8.496123472483191e+01
    9.782644610124066e+01
    9.550870362216642e+01
    8.054574174692107e+01
    8.487868232622986e+01
    1.050168197826679e+02
    8.626915564074011e+01
    1.067766911161459e+02
    9.024144854768565e+01
    1.549663150564197e+02
    1.026691419814347e+02
    7.219517036845559e+01
    7.760899257109713e+01
    1.167933551060446e+02
    1.201324903046964e+02
    8.773343269081806e+01
    7.712451335181868e+01
    8.164247571155784e+01
    1.054288075677823e+02
    1.081303623782060e+02
    1.236477434109861e+02
    1.136409017165920e+02
    8.097089581098430e+01
    8.148412152654032e+01
    1.117714875062529e+02
    1.094404289699082e+02
    7.573234662782397e+01
    8.622673546888905e+01
    1.027678373940205e+02
    1.171913704206690e+02
    7.408529925432958e+01
    9.272506093831680e+01
    9.291281410136435e+01
    1.313023982933305e+02
    8.127615451417682e+01
    1.253709174707160e+02
    8.660851526241572e+01
    1.164441349527033e+02
    1.038251578240886e+02
    1.418691734355400e+02
    6.180814178936316e+01
    1.127188263981350e+02
    1.054692275195089e+02
    6.704707871862070e+01
    9.735618637438847e+01
    9.211519452619882e+01
    9.980843652137878e+01
    7.593341511817471e+01
    1.201570996613248e+02
    1.287762047147987e+02
    9.634097920903741e+01
    9.574784046867876e+01
    5.998099687508784e+01
    7.350493094639091e+01
    8.648329299270131e+01
    1.144338156185677e+02
    1.190999145261219e+02
    5.484006401933925e+01
    9.908244163123186e+01
    1.404825604171651e+02
    1.148922508922260e+02
    1.608518515253070e+02
    9.807465029731588e+01
    1.250552154421382e+02
    1.415030216433900e+02
    9.853169224452699e+01
    7.595332692236184e+01
    8.564722045223448e+01
    8.953213280136538e+01
    8.182443084551664e+01
    1.175018888610975e+02
    5.112778784321222e+01
    1.317408474620424e+02
    1.215652966362006e+02
    7.450424195211212e+01
    1.432705712562199e+02
    4.917068077384670e+01
    1.127736297603099e+02
    1.182272835526499e+02
    1.159346697294018e+02
    1.159676913443252e+02
    9.052124097081901e+01
    1.028256768298240e+02
    6.668073477339249e+01
    6.195392267630154e+01
    1.260372701712322e+02
    7.914891516328225e+01
    6.756921290053924e+01
    9.815804485617377e+01
    1.178399422028178e+02
    1.001140471114991e+02
    9.027356443825397e+01
    9.281900710617492e+01
    9.618819201641145e+01
    6.964373102136392e+01
    5.252400428881856e+01
    5.849503727700267e+01
    1.167783548113437e+02
    6.262793295816323e+01
    1.154943565166604e+02
    7.041379273862617e+01
    8.352242779637436e+01
    6.015697946478554e+01
    8.986978090397884e+01
    1.032024768853887e+02
    4.439793623296737e+01
    1.687469918469833e+02
    1.070016074558089e+02
    1.023931582368778e+02
    5.801776048224383e+01
    8.833303484119369e+01
    1.143925546148080e+02
    9.389689530051442e+01
    1.294120535503998e+02
    1.026586054040354e+02
    4.912676895022742e+01
    1.371098672549670e+02
    9.222650475316755e+01
    1.066278006743403e+02
    7.777713274763414e+01
    1.687251799344824e+02
    8.478186530631774e+01
    1.318790755241707e+02
    7.046974983712403e+01
    6.446919735995834e+01
    8.699598043955916e+01
    1.098717763124228e+02
    7.101838491011222e+01
    4.984165202403005e+01
    8.332800336428477e+01
    1.205898375021275e+02
    3.420342512515163e+01
    9.303142441846717e+01
    1.078476378834966e+02
    9.844944511584231e+01
    1.044562560339557e+02
    9.960127830993201e+01
    9.428025046547077e+01
    1.380283432758074e+02
    9.579377996337826e+01
    1.785427488925473e+02
    1.016279221902880e+02
    1.137297563398215e+02
    1.257739345156244e+02
    1.368023989027677e+02
    8.079943110205591e+01
    6.264638918721857e+01
    4.904778656534745e+01
    9.040636825134811e+01
    9.785401002803724e+01
    8.597653541514092e+01
    1.045140751188114e+02
    1.014966036042506e+02
    9.709801907480369e+01
    9.352706639049075e+01
    9.514241880936424e+01
    8.847489697817537e+01
    1.196245126974259e+02
    7.915944080371901e+01
    1.100249542134350e+02
    1.222407783656604e+02
    8.045775742239016e+01
    1.292244160323332e+02
    1.179042274071264e+02
    1.021244286211675e+02
    9.242367419472998e+01
    1.257677520712741e+02
    1.172365675042772e+02
    1.433938437681923e+02
    1.099452101563907e+02
    1.285859891559926e+02
    8.013298176526632e+01
    7.748414941392070e+01
    1.021585528470803e+02
    9.578375022796877e+01
    9.867051611477109e+01
    1.157720935844054e+02
    8.801467641085651e+01
    6.952330144512985e+01
    1.402502418335166e+02
    6.796077371397132e+01
    1.400923179036852e+02
    9.970789439230543e+01
    1.049102131265670e+02
    1.031140655556578e+02
    1.480384072698064e+02
    6.428370688035329e+01
    1.109884616146871e+02
    8.258963670584649e+01
    1.258943651539039e+02
    8.298756186766354e+01
    1.019875705096706e+02
    1.032325414179491e+02
    1.055741377961783e+02
    1.151401597695121e+02
    1.403927584789710e+02
    8.675842361246055e+01
    7.943727840837937e+01
    7.284104124441001e+01
    1.307952526176905e+02
    8.133516290475768e+01
    6.060582133950788e+01
    7.831262104061238e+01
    8.702977976514831e+01
    7.342336354366921e+01
    1.027242074766809e+02
    1.105007270925478e+02
    1.577942681734328e+02
    7.353093164021175e+01
    1.037200948322857e+02
    1.377492361921600e+02
    8.099878810873975e+01
    1.285949169390017e+02
    9.911626950377013e+01
    1.100587852537763e+02
    1.422799428425151e+02
    7.414936842117868e+01
    6.895772884616235e+01
    1.111407845016947e+02
    1.168647318628416e+02
    1.377770108690515e+02
    7.587917397744377e+01
    1.204831033566506e+02
    1.350678498977129e+02
    1.174933862717785e+02
    8.485604005311757e+01
    9.632139124004084e+01
    6.168028119299379e+01
    8.384966175137833e+01
    5.688346689644163e+01
    1.448910643006002e+02
    1.292306963012697e+02
    7.983590084957314e+01
    1.736614433231796e+02
    1.022948567719970e+02
    1.334578160032765e+02
    6.187749261197382e+01
    9.175033268953484e+01
    1.003782443562693e+02
    9.769896968636431e+01
    8.756785678643041e+01
    8.949331779912427e+01
    1.404330375866834e+02
    9.335855096437740e+01
    1.083504247035421e+02
    4.802974670682943e+01
    6.690234323784807e+01
    1.008467753341813e+02
    6.361759361857594e+01
    6.795103961785912e+01
    9.818016348085962e+01
    1.021694742536818e+02
    1.232493156408805e+02
    9.396152467425850e+01
    1.025283857051045e+02
    9.136043344620816e+01
    9.010713233302795e+01
    9.913762369041592e+01
    8.458932993461758e+01
    1.187540419232380e+02
    8.037438831753889e+01
    1.232774922085616e+02
    9.518159900150636e+01
    8.168409557375298e+01
    9.302743035432854e+01
    1.059651533654744e+02
    7.820870355762736e+01
    7.612394510949230e+01
    9.725720599599413e+01
    8.798084748989368e+01
    1.216140124383344e+02
    1.077219170893136e+02
    9.557350618002602e+01
    9.671346646546908e+01
    1.015345210068006e+02
    1.217160592356959e+02
    1.112894176928990e+02
    9.050391583164355e+01
    1.184421685841801e+02
    8.001409126870612e+01
    9.267729257814153e+01
