    9.022545097529701e+01
    9.554248232387154e+01
    9.265411801977946e+01
    1.108725674727765e+02
    8.950715927297394e+01
    8.940976808490443e+01
    9.633904949187576e+01
    9.751884770162073e+01
    9.146225648696482e+01
    9.675382370777930e+01
    7.802904533194555e+01
    1.165290883141824e+02
    1.190161351470142e+02
    1.092880124409445e+02
    1.394895042348161e+02
    5.015326753342273e+01
    8.645927247542461e+01
    7.475375286844289e+01
    1.111301647781291e+02
    9.871341291576157e+01
    6.593669796512845e+01
    8.933278161605777e+01
    6.352654950345112e+01
    9.771757052111276e+01
    9.436877456187648e+01
    1.569925314057277e+02
    1.000978316736506e+02
    9.970316465206064e+01
    1.123283079933741e+02
    1.080187086588449e+02
    1.519229108146757e+02
    5.620918375879903e+01
    8.670646736918252e+01
    6.133932220827596e+01
    1.206965056393249e+02
    9.408042328758526e+01
    1.190055820262894e+02
    7.460877119148734e+01
    8.624851368235575e+01
    8.053113596973695e+01
    1.096438525750882e+02
    9.131280325954030e+01
    1.046911300847271e+02
    6.256064967634451e+01
    9.488661068623614e+01
    6.749967971730037e+01
    1.111640097918414e+02
    8.241923074345372e+01
    1.038000973791833e+02
    5.069687386580128e+01
    4.123727473477551e+01
    9.602494838693147e+01
    1.197168306803928e+02
    7.838383414403282e+01
    5.696766801120276e+01
    1.430047485044786e+02
    9.405500577487565e+01
    7.807728569840712e+01
    8.469257294100743e+01
    9.420604382403631e+01
    1.011553868887561e+02
    1.016679486193318e+02
    1.002606441140502e+02
    9.066602352562597e+01
    8.113594337258057e+01
    9.601946556901979e+01
    7.314714644710719e+01
    8.358343020877697e+01
    1.045070177576389e+02
    9.538548848000175e+01
    6.938401701336161e+01
    1.075142514902872e+02
    9.631515294755573e+01
    8.641896170587245e+01
    9.920849990422866e+01
    1.440297017688705e+02
    1.215353161464706e+02
    1.215110197122777e+02
    9.148111323672467e+01
    9.704318502619557e+01
    1.332431995322774e+02
    1.367283248708969e+02
    6.881294948820255e+01
    9.515988619585485e+01
    7.566559237647112e+01
    9.064782177057694e+01
    7.262619485573481e+01
    1.296860314949781e+02
    1.156202327887546e+02
    6.168121338850071e+01
    9.684898809459014e+01
    6.205549572566440e+01
    1.066902769644160e+02
    9.544168692777134e+01
    1.080022152953386e+02
    9.472058490656963e+01
    1.053859832071646e+02
    1.128499478154646e+02
    9.507463386263922e+01
    1.328123651637709e+02
    7.509390501742573e+01
    1.130294317425248e+02
    1.121447536004760e+02
    9.930594986927900e+01
    1.011816810159964e+02
    1.022231406554316e+02
    1.204266467754265e+02
    9.529982124270845e+01
    1.358915234684461e+02
    1.057039925933518e+02
    8.610140686420792e+01
    1.258377800942456e+02
    1.203296632360542e+02
    1.660908294999628e+02
    7.949707813380840e+01
    1.202445235896101e+02
    8.620898148712470e+01
    7.627032331042102e+01
    9.794379889179737e+01
    1.112039765148697e+02
    7.978405245249490e+01
    8.619308031029490e+01
    1.108294506165031e+02
    9.795094920750557e+01
    9.012348334786807e+01
    1.098327525325008e+02
    9.570597762011431e+01
    1.284538933234792e+02
    1.220533691160033e+02
    1.378649646387851e+02
    7.459327623652854e+01
    7.846998846505784e+01
    6.344182731007692e+01
    9.349405672354607e+01
    7.437145999610976e+01
    9.775175259760005e+01
    1.584939552819623e+02
    1.399150319408821e+02
    7.363275044733996e+01
    1.012526575041875e+02
    1.025805323541985e+02
    1.173119625315695e+02
    6.022216025822729e+01
    8.909058864514009e+01
    1.026472197828102e+02
    9.377197480248810e+01
    1.039749651650510e+02
    1.508206680209321e+02
    1.077899992829191e+02
    1.027431871454996e+02
    7.557788364899068e+01
    1.064822911436437e+02
    1.194681287357716e+02
    1.306316217021001e+02
    9.756063372927002e+01
    8.996804106500605e+01
    1.038152600363853e+02
    1.462506810422269e+02
    1.337139805276450e+02
    8.675548138813411e+01
    1.056794442148507e+02
    8.276162738180005e+01
    1.728594158208520e+02
    8.481023554931966e+01
    1.258957678089851e+02
    7.653659687088748e+01
    9.831499292177710e+01
    1.115309915814322e+02
    8.467940000256618e+01
    1.130359416419896e+02
    1.001078607576085e+02
    6.460293923540945e+01
    1.028938777732409e+02
    1.086603890279838e+02
    1.162110358983455e+02
    9.636269610479957e+01
    5.153002503639556e+01
    1.150921171943440e+02
    1.018767059725263e+02
    1.063786653906641e+02
    6.198968442526763e+01
    7.748189514519993e+01
    1.155052355625816e+02
    1.206869108085039e+02
    7.660066150536977e+01
    3.540934871811999e+01
    7.304231545963745e+01
    1.485797935892234e+02
    8.202873792713149e+01
    9.835209906053336e+01
    1.167754976568457e+02
    1.049947021177405e+02
    1.242426079694715e+02
    1.078587490531237e+02
    9.064245275528975e+01
    1.382790986544683e+02
    1.068999674738993e+02
    8.416656922988068e+01
    1.334748517363207e+02
    9.574097354388584e+01
    1.113165217423878e+02
    6.063480617300769e+01
    7.816392027676187e+01
    1.413659231937416e+02
    8.768187459404743e+01
    9.264852687209839e+01
    1.681201760195913e+02
    1.175886777256596e+02
    1.374148975771698e+02
    1.253457909977877e+02
    1.145666474214312e+02
    1.118854329201878e+02
    9.823693150883003e+01
    6.927349364095136e+01
    1.037273204226648e+02
    1.258356698520535e+02
    1.302839076176531e+02
    9.507533777788638e+01
    5.499010531818840e+01
    1.023802443635230e+02
    1.093897294180590e+02
    9.739505007391074e+01
    5.284684568256267e+01
    1.093300495612849e+02
    1.116107579185785e+02
    1.023851471744672e+02
    1.317089557688291e+02
    8.967254006112796e+01
    1.371878611065102e+02
    1.102702729880076e+02
    1.316732799826406e+02
    1.163661705873562e+02
    1.228469227865179e+02
    9.178213717606894e+01
    6.038825125805687e+01
    1.358684397749334e+02
    1.395051248911506e+02
    1.089525945145621e+02
    1.236641451061570e+02
    5.752004086080575e+01
    8.829664996703002e+01
    1.054227754057419e+02
    1.101418972055802e+02
    1.024273853876517e+02
    1.033190609154201e+02
    1.048233269505107e+02
    1.416834634085518e+02
    1.232349879322734e+02
    1.425676602195148e+02
    1.013612403943898e+02
    1.243692633190327e+02
    1.085353679764731e+02
    8.698273454183209e+01
    7.366609890204984e+01
    1.047536852474892e+02
    1.365199414540874e+02
    9.199348385315545e+01
    7.518476860285148e+01
    1.256145282768665e+02
    8.228806673229371e+01
    9.911237202343841e+01
    4.825048220380097e+01
    1.072195819661169e+02
    9.883877429882773e+01
    1.019614963533263e+02
    8.863659351985575e+01
    1.109607532835935e+02
    9.615229173043531e+01
    9.825186073603902e+01
    4.623651911645652e+01
    1.121040304327732e+02
    1.696182931692175e+02
    8.578657194093012e+01
    1.138192220888129e+02
    8.355385257785713e+01
    1.631991610079308e+02
    4.911707014145975e+01
    7.520837181331501e+01
    1.228351539513812e+02
    8.760930258234168e+01
    8.564731833872770e+01
    9.562224988915489e+01
    7.123560513897417e+01
    8.724172996816947e+01
    9.798284420868299e+01
    8.833475578106970e+01
    9.691932038859989e+01
    1.339722172561272e+02
    9.448614813729250e+01
    6.070977230866617e+01
    1.187028627739119e+02
    1.151163793783491e+02
    4.800820905937542e+01
    7.361757085288218e+01
    9.049601048511988e+01
    6.497764597284402e+01
    7.441564992884253e+01
    1.563978548428418e+02
    7.379380222805651e+01
    1.347176944014075e+02
    1.429564637485862e+02
    8.801649201605926e+01
    1.562939542436220e+02
    5.915710339140333e+01
    8.721372173320901e+01
    1.260981762534163e+02
    1.115900701998277e+02
    7.963002498952278e+01
    9.734948504083718e+01
    6.908713963611660e+01
    8.703742070031069e+01
    9.476845932756987e+01
    1.406362553804195e+02
    9.506670802327335e+01
    6.585074087019336e+01
    8.671014420995277e+01
    6.543629530341946e+01
    9.920976537556896e+01
    1.260505990546449e+02
    7.667987850021291e+01
    1.031254170840333e+02
    1.122435257154456e+02
    1.057857720333965e+02
    1.136372496843887e+02
    1.165437360675969e+02
    8.897692258329073e+01
    1.151773164169452e+02
    1.538391979113243e+02
    5.733294081486122e+01
    9.810972163138331e+01
    1.087330027415021e+02
    1.068666498354429e+02
    1.186144522775226e+02
    1.197502059839911e+02
    8.146058202125573e+01
    1.389100114609431e+02
    1.091242458021270e+02
    1.022970714457415e+02
    1.367969379970833e+02
    1.097443722614219e+02
    1.463124566393105e+02
    1.172576860114259e+02
    7.427541755720881e+01
    1.363271848886365e+02
    7.836693641763304e+01
    9.528070240042211e+01
    1.035252824969143e+02
    1.137208196930004e+02
    7.826322424864884e+01
    1.078739871252174e+02
    1.209749633647920e+02
    1.039039009213121e+02
    1.154552121051751e+02
    7.347218636227865e+01
    1.348962094936695e+02
    9.327902190072962e+01
    1.205558250557374e+02
    1.175685177086075e+02
    1.249875498092410e+02
    9.786976635280780e+01
    1.012109028445548e+02
    9.296188124289188e+01
    1.035433406278867e+02
    1.091569960974027e+02
    1.167215111645021e+02
    1.243480210218024e+02
    1.103471807032292e+02
    9.809004688966297e+01
    9.447251857241497e+01
    1.216806939139883e+02
    1.104187752347610e+02
    9.869869160618805e+01
    9.803512210385065e+01
    7.937766653695405e+01
    1.371512394493169e+02
    6.957819430685106e+01
    1.095487424440813e+02
    1.016051178805458e+02
    5.176595453001539e+01
    1.127703714760617e+02
    6.873126372257730e+01
    5.409566215421762e+01
    1.086733738479774e+02
    1.128930022753121e+02
    6.843919504623329e+01
    7.584282051307184e+01
    1.049282165185417e+02
    1.316537061348390e+02
    1.200859033882375e+02
    1.199337213402640e+02
    8.418078816948139e+01
    6.387916788766177e+01
    8.723794528448877e+01
    9.874760538745647e+01
    1.147243242195617e+02
    8.220812287118065e+01
    7.632273200318707e+01
    1.002658732732789e+02
    8.995083803502894e+01
    7.705619853226324e+01
    1.180157726778560e+02
    9.714217042307098e+01
    7.026889405045893e+01
    7.058952415720910e+01
    8.941542841943090e+01
    8.381637815707222e+01
    1.149569426288093e+02
    1.222198358108869e+02
    9.280279673119423e+01
    9.212982634953278e+01
    9.919620771193024e+01
    6.369926198594271e+01
    1.298221499982338e+02
    1.293990889987111e+02
    6.703946932268366e+01
    9.250727613833874e+01
    7.547460892334584e+01
    1.159821023302220e+02
    8.443151381143423e+01
    6.957272167363328e+01
    6.259191106818946e+01
    9.695453745306281e+01
    1.184968302252895e+02
    1.011144968342211e+02
    8.964951738252296e+01
    1.273729501527396e+02
    8.719178844701787e+01
    9.923972405751215e+01
    8.474561667115836e+01
    1.223447463030078e+02
    1.139894484436189e+02
    7.091311281330775e+01
    1.539044870850546e+02
    1.208069214707410e+02
    1.296767565344436e+02
    7.481272403911476e+01
    1.244487881360243e+02
    8.760763921809485e+01
    1.081664457886075e+02
    8.199437954094037e+01
    9.856346414397194e+01
    1.211441901843097e+02
    1.092394954860487e+02
    4.018587781689519e+01
    6.993266777909582e+01
    3.947332450029933e+01
    1.101949695670095e+02
    1.010395552504025e+02
    7.941258814757418e+01
    1.112022357506476e+02
    8.523955252712256e+01
    9.056743029319875e+01
    1.030865036590029e+02
    7.967752068248672e+01
    8.373435246724966e+01
    9.632638837949514e+01
    4.261892272145758e+01
    1.094330459466619e+02
    1.400333659173572e+02
    9.688781311774278e+01
    9.366810562959188e+01
    7.185276264347692e+01
    1.128563813735923e+02
    1.279269888518360e+02
    7.953888490044505e+01
    9.234704426652968e+01
    7.854161958722273e+01
    7.782709518704905e+01
    1.391716917136301e+02
    5.136245024360335e+01
    8.867830221022416e+01
    6.497406657118347e+01
    1.494281882251289e+02
    7.893341541063648e+01
    8.374437389479226e+01
    7.650484955659749e+01
    8.244827932589146e+01
    8.019858495425126e+01
    8.403428471505038e+01
    1.212032941269393e+02
    1.192225768040095e+02
    1.011873802090986e+02
    1.091930702249033e+02
    1.309765950610944e+02
    1.434539124688268e+02
    8.023743648098616e+01
    6.470652831107031e+01
    1.083353028747445e+02
    9.415723369087800e+01
    1.137397628750102e+02
    6.972497280092625e+01
    1.285494656043630e+02
    1.106073951950543e+02
    9.754659506071107e+01
    1.232007188080121e+02
    1.026862211245441e+02
    1.221862181419931e+02
    1.387863497840345e+02
    7.032065908855486e+01
    7.727261452268976e+01
    9.758730600970125e+01
    1.206977056787304e+02
    1.629770537957660e+02
    1.455722006051474e+02
    1.024372656666327e+02
    4.843944458911949e+01
    4.964436262271192e+01
    8.800317899633058e+01
    9.255888683372291e+01
    6.812373691674793e+01
    6.988839103394866e+01
    1.202171567264071e+02
    1.431183522742901e+02
    1.293970757138993e+02
    9.103929897838157e+01
    1.228720351991205e+02
    1.173710589459483e+02
    1.349814269198362e+02
    1.137123493187721e+02
    1.035733233747317e+02
    1.264119136696343e+02
    1.120186888762680e+02
    9.765821931515688e+01
    5.918468788153859e+01
    1.031580314215705e+02
    1.027244267884612e+02
    8.061793293839742e+01
    1.137649439213624e+02
    1.052163053435061e+02
    1.419899288288991e+02
    5.485457355343669e+01
    9.668513091084719e+01
    1.435094873133914e+02
    8.613768345084395e+01
    4.754364886809526e+01
    8.012369347257959e+01
    9.290957752248687e+01
    6.414600346349289e+01
    5.929014304359612e+01
    1.381025032089769e+02
    8.363314448293181e+01
    9.384776233533103e+01
    1.548102742289245e+02
    1.817738368865844e+02
    8.271122255586079e+01
    7.255262516674406e+01
    7.151034174741426e+01
    1.130647382451423e+02
    9.789311021819117e+01
    9.336069397466531e+01
    1.135181300379725e+02
    4.821268229395855e+01
    1.574447617955650e+02
    1.033539205610532e+02
    8.983057066073343e+01
    6.864192832100230e+01
    1.006808918709703e+02
    8.694770311993807e+01
    1.130216032833096e+02
    8.459492217455931e+01
    1.404956981115845e+02
    7.218635056438529e+01
    9.872702575248127e+01
    4.478950276455635e+01
    8.963870166228730e+01
    1.085901830683270e+02
    1.044767243758827e+02
    6.393459397820834e+01
    1.013758531636608e+02
    7.904856226158813e+01
    8.294841693882859e+01
    5.952128398570039e+01
    8.203535566734104e+01
    1.024967848398694e+02
    8.853131490187366e+01
    6.140001050956016e+01
    1.039088261549966e+02
    6.307642812801078e+01
    1.091206246370564e+02
    1.113553386774947e+02
    7.928169489417883e+01
    1.139971048785162e+02
    1.310366562902311e+02
    4.676655863980727e+01
    1.169260054591098e+02
    1.062741037562353e+02
    8.394792797470018e+01
    7.938559251352785e+01
    1.185302455051976e+02
    1.104489857664180e+02
    9.759036986446517e+01
    1.064103431035778e+02
    9.754909059971624e+01
    1.162528357903113e+02
    1.212150656024062e+02
    2.611049884613408e+01
    8.178793260142356e+01
    9.426339672526865e+01
    6.225736323432784e+01
    1.134995978755103e+02
    1.249115336580144e+02
    7.245045598647948e+01
    8.796566567949867e+01
    1.348616613627178e+02
    1.095631071667162e+02
    9.428771691718794e+01
    8.931359488790349e+01
    6.836858605437328e+01
    6.204300819592277e+01
    1.396536259805646e+02
    8.252775030065209e+01
    9.910164051592346e+01
    1.232877044466568e+02
    1.059850888555582e+02
    1.041736528428316e+02
    1.335151093271929e+02
    9.023571947837468e+01
    9.327766812001300e+01
    6.189720619852551e+01
    1.568799741496730e+02
    1.037319139747808e+02
    1.062786235307510e+02
    9.138030549966174e+01
    1.125568002621083e+02
    1.955443353566795e+02
    1.333727102116268e+02
    1.133704641442466e+02
    1.012721109016093e+02
    1.716121516668511e+02
    8.834593187117093e+01
    9.510263686737972e+01
    9.436628105188447e+01
    1.330499092824925e+02
    7.762222063148442e+01
    5.262274339750661e+01
    7.403379025673189e+01
    1.054438939010481e+02
    9.783033610875464e+01
    7.835807536065658e+01
    1.043047032683035e+02
    1.416635594912259e+02
    8.368154772011167e+01
    1.179192901454769e+02
    6.507355697469507e+01
    1.315726770748108e+02
    8.868385233046297e+01
    9.352193989186162e+01
    1.240676468257868e+02
    7.019535896595357e+01
    9.789485436428095e+01
    9.395020818954663e+01
    1.132485593893750e+02
    1.252310413373039e+02
    7.084899604295742e+01
    9.635714753007392e+01
    8.642938322283953e+01
    7.502923940294863e+01
    6.648133948340615e+01
    9.219537839462305e+01
    1.238354398183208e+02
    5.643216900308062e+01
    1.282304985872838e+02
    9.493867120641198e+01
    4.039034263187432e+01
    6.976291711592012e+01
    9.810215024832132e+01
    9.239362646294694e+01
    4.842756599708309e+01
    1.359329116027754e+02
    7.788930242950755e+01
    1.218897795328155e+02
    7.353208414425353e+01
    1.379784416410610e+02
    1.133714397148083e+02
    1.262403548299608e+02
    7.324332128437391e+01
    8.151507718952871e+01
    7.481450725929449e+01
    1.134802422597363e+02
    1.143649607477766e+02
    1.190870725414413e+02
    9.120469358228434e+01
    1.127915384997459e+02
    1.015977071554323e+02
    1.598981086513390e+02
    8.118973064291026e+01
    1.285951422619360e+02
    8.040924413052721e+01
    6.253584321808717e+01
    8.613964512635107e+01
    7.748175249987867e+01
    1.132993201656529e+02
    4.839562554550866e+01
    1.015993876869220e+02
    7.510581829452008e+01
    1.040185329894553e+02
    9.678443999298906e+01
    8.099942061746901e+01
    1.091890336739914e+02
    7.989166959210593e+01
    1.146858037306697e+02
    1.165100810166587e+02
    1.054531320705462e+02
    1.584230864391475e+02
    1.327977618572788e+02
    7.925751530699927e+01
    1.139634298945566e+02
    1.506239127668198e+02
    1.257929510013389e+02
    7.071602189789814e+01
    1.338476876150094e+02
    8.297527625791304e+01
    1.638889558372125e+02
    9.957124944559268e+01
    8.519335971177838e+01
    1.184358216026658e+02
    1.007557886918823e+02
    6.433110802273291e+01
    1.243859939484673e+02
    1.197957463807563e+02
    3.505189851300656e+01
    1.114202647415152e+02
    8.556142609107837e+01
    1.186845827544232e+02
    8.323251263681300e+01
    1.088469677087596e+02
    9.263350257837487e+01
    9.926041277741547e+01
    9.485997752267622e+01
    1.016743220772219e+02
    1.415783117137335e+02
    8.861301621709572e+01
    8.242300752250799e+01
    1.297423088131700e+02
    1.038313062906809e+02
    1.076368225130409e+02
    7.473202594366285e+01
    1.212585031158346e+02
    1.144137657600129e+02
    9.227743246951604e+01
    1.171633916368808e+02
    8.016919266792115e+01
    9.815173744980939e+01
    1.139208690456348e+02
    9.343028813864748e+01
    9.322680010767726e+01
    1.354103727938048e+02
    5.967751730018222e+01
    1.993580910140008e+02
    9.296001838853499e+01
    1.393716754867535e+02
    7.950069630836992e+01
    7.150565427186507e+01
    1.293075696426502e+02
    6.593827305437458e+01
    7.963361170470989e+01
    1.148044392944814e+02
    7.867505474684322e+01
    6.039688522109032e+01
    7.780712418027861e+01
    6.514137075628241e+01
    3.665954222994856e+01
    8.352842585391045e+01
    6.884069689619082e+01
    1.378838921000636e+02
    1.024099590051276e+02
    1.012690685278676e+02
    8.800583508464797e+01
    8.462106396313516e+01
    9.333392406003441e+01
    9.085869823036205e+01
    1.177103134019706e+02
    8.716012800644194e+01
    1.110596883721757e+02
    1.062812606367277e+02
    7.542608635444708e+01
    1.399746556808805e+02
    1.218230044273685e+02
    1.065282623793655e+02
    1.075793096239931e+02
    9.386544107885811e+01
    5.972857064059326e+01
    9.200334738957054e+01
    1.283249697935344e+02
    9.812357819129147e+01
    7.651047166490343e+01
    8.476786103145287e+01
    8.491160979607116e+01
    1.061721512269673e+02
    1.278944553537906e+02
    1.325597304991857e+02
    9.684074590933847e+01
    4.578316002341012e+01
    1.108589293237890e+02
    1.053685676273926e+02
    9.935686040226187e+01
    9.931976709915602e+01
    1.539249289092982e+02
    1.054672585941955e+02
    6.896037962599621e+01
    8.879456921160909e+01
    1.192715671066765e+02
    9.244528200827403e+01
    1.011059249906998e+02
    9.924860050929055e+01
    1.352872481330508e+02
    5.514007797466888e+01
    1.654143776832666e+02
    8.833436610262765e+01
    5.782947309837823e+01
    1.171739388449521e+02
    1.019416190855588e+02
    1.213898740092952e+02
    1.259945721661757e+02
    1.194667785541935e+02
    1.138244306699653e+02
    1.056609538113742e+02
    1.380515441611067e+02
    1.095641596217240e+02
    7.307641815390298e+01
    1.132864935100838e+02
    1.174125398659555e+02
    1.171131348077574e+02
    1.554682893048221e+02
    8.760694748285459e+01
    9.807333149042847e+01
    8.297503536874160e+01
    8.368899333332365e+01
    1.083590560638311e+02
    7.786806232130289e+01
    1.097554421185907e+02
    1.061592535330897e+02
    1.010539366681883e+02
    7.595812179076461e+01
    9.605901735680163e+01
    1.071744562309129e+02
    1.124131588563068e+02
    9.976104844082329e+01
    7.880446089139923e+01
    1.067960682858518e+02
    9.443201441557562e+01
    1.217939337188352e+02
    7.976018251725691e+01
    1.139311861687224e+02
    9.660709266956474e+01
    1.439042724565240e+02
    8.969508867122158e+01
    1.207500408065243e+02
    7.879938162660210e+01
    7.987869146455637e+01
    7.991764551315896e+01
    1.369332493754962e+02
    1.247802612167379e+02
    8.943555348533891e+01
    9.050975926771457e+01
    1.374865817593184e+02
    1.142696869080373e+02
    1.161685094355596e+02
    6.990726320191015e+01
    1.095594696130195e+02
    4.290553456683256e+01
    8.463074164799423e+01
    1.084235462762513e+02
    9.492839575147400e+01
    7.499005043751140e+01
    5.858425224501048e+01
    9.912593537609609e+01
    9.404547893782706e+01
    8.619081359935194e+01
    1.109869135163967e+02
    1.220921598757127e+02
    5.689256339437520e+01
    1.120895940194805e+02
    5.938880026690640e+01
    9.651736498813648e+01
    1.183975578844161e+02
    8.086828273934657e+01
    9.055081802199425e+01
    1.001152392165238e+02
    1.023568045104810e+02
    1.132959862818609e+02
    1.346865661901450e+02
    1.207865198730599e+02
    1.087755045098538e+02
    8.676959998797770e+01
    1.301529747168183e+02
    1.109312177709523e+02
    9.378691053011266e+01
    1.029136116883126e+02
    9.243496903238452e+01
    1.111904462649773e+02
    9.224849357368157e+01
    6.681872529547604e+01
    9.556558151203717e+01
    7.348987513696216e+01
    1.253302993407283e+02
    1.120063545640210e+02
    1.070976348462580e+02
    1.495477586234949e+02
    1.284611766919272e+02
    1.012106092530928e+02
    6.828245157152878e+01
    1.103552371992555e+02
    8.926029431831353e+01
    1.137950915663146e+02
    6.828543457844944e+01
    1.366018541384722e+02
    1.016759682757515e+02
    6.906952337978851e+01
    6.237983402307918e+01
    1.052566727346482e+02
    1.547406812944041e+02
    9.820891070144171e+01
    8.464954562464413e+01
    6.275859563548579e+01
    1.267582315006803e+02
    1.107145064378301e+02
    5.615169052090778e+01
    1.222365874218451e+02
    4.575992278718104e+01
    9.706492383880686e+01
    1.680278793926595e+02
    1.313057073094637e+02
    1.370628527266683e+02
    1.136649992806440e+02
    9.569325589374557e+01
    1.617842250461547e+02
    6.853192458025774e+01
    1.146828526971092e+02
    5.149263145135023e+01
    8.011928352092468e+01
    1.006316401959452e+02
    1.014992169598008e+02
    4.301843821504463e+01
    1.095376773102510e+02
    1.080176525590332e+02
    2.106705529085218e+02
    1.181661340346193e+02
    7.804225363461228e+01
    6.266014213245057e+01
    9.026421046130622e+01
    8.802843509575951e+01
    8.941663905587234e+01
    9.771718137680864e+01
    1.196297286038214e+02
    4.978102539437145e+01
    1.347930594139052e+02
    1.211083368347067e+02
    1.203035542991165e+02
    7.088378997146947e+01
    7.268772700245790e+01
    1.022915788675959e+02
    9.291783171498651e+01
    7.497363551716830e+01
    8.995665194844264e+01
    1.160019279456935e+02
    8.385426576809778e+01
    1.121686061794651e+02
    1.093663587437470e+02
    1.047817200406041e+02
    9.491921089381322e+01
    1.267239944620928e+02
    6.000632378151408e+01
    8.270285174848141e+01
    1.516151321947314e+02
    1.344059157379638e+02
    1.051140065994207e+02
    1.141444204352683e+02
    1.138685465503693e+02
    1.054281815832519e+02
    1.244703970630815e+02
    1.654390819441778e+02
    1.115595980960768e+02
    7.026203117083014e+01
    1.627553370726582e+02
    7.138017920690231e+01
    8.350984167190745e+01
    9.031970883458939e+01
    1.304134652179732e+02
    9.782918560630947e+01
    5.581174117761407e+01
    8.928566120325513e+01
    1.153158546200757e+02
    6.572860683765839e+01
    8.335535900740297e+01
    7.183616653906711e+01
    9.738311771566373e+01
    5.391814072067518e+01
    1.348826029468603e+02
    1.651138259894969e+02
    9.796967384840514e+01
    1.137365842375436e+02
    7.148257384307954e+01
    1.070862950382059e+02
    1.209387680417171e+02
    8.999318381443800e+01
    1.028486998922631e+02
    9.945140457481216e+01
    1.356435867219966e+02
    1.680118334499889e+02
