    1.984552001961665e+02
    2.575707688360202e+02
    2.935966598871659e+02
    2.453288590349720e+02
    2.687554957516088e+02
    2.865698348542178e+02
    2.764554575832847e+02
    2.524809931781745e+02
    1.359173923288826e+02
    1.675115567442375e+02
    2.250425961554331e+02
    2.363259644141038e+02
    2.346472973288367e+02
    2.093338248438270e+02
    1.423228650641346e+02
    1.737427788677831e+02
    1.445501902501679e+02
    1.412348907828149e+02
    1.876070636281875e+02
    2.106239516338836e+02
    1.466860979870421e+02
    1.619654400256681e+02
    2.468987743988380e+02
    2.011472692965763e+02
    2.472495399398863e+02
    2.679215937978718e+02
    2.607348528987538e+02
    2.386723597834726e+02
    2.916361412560798e+02
    2.691197993273973e+02
    2.511235098900825e+02
    2.275842018437823e+02
    1.344544832802181e+02
    1.424580266374900e+02
    1.818734557761346e+02
    2.088842350506537e+02
    1.932050241998851e+02
    2.244759163235275e+02
    2.495802520609529e+02
    1.455277649051556e+02
    1.899676669647775e+02
    1.718149616571326e+02
    2.131739980425399e+02
    2.013639215261527e+02
    1.598104217963084e+02
    1.580483884729816e+02
    2.535456970196495e+02
    2.385060118228287e+02
    2.759853419216590e+02
    2.173780809256045e+02
    2.240425031556404e+02
    2.080829100146640e+02
    2.244823664496983e+02
    2.324298702575879e+02
    2.215144431746313e+02
    1.918358772587017e+02
    2.033964627926673e+02
    1.607306784193415e+02
    1.570693868067949e+02
    1.897985850958738e+02
    1.848131970302713e+02
    2.114821124834165e+02
    1.812814361218521e+02
    2.094321271114649e+02
    2.106479796862891e+02
    1.870091381240981e+02
    1.571432166713313e+02
    1.975959855817646e+02
    1.886607622870078e+02
    2.218325261467460e+02
    1.532617382631732e+02
    2.024376336136474e+02
    2.424811882412148e+02
    1.594042665836257e+02
    2.217422455291634e+02
    2.555240211002001e+02
    1.881959295781054e+02
    2.023884616331598e+02
    1.933879699551362e+02
    2.103220239417900e+02
    2.221333660289575e+02
    2.124510093204466e+02
    1.312127383942673e+02
    1.339233055478628e+02
    2.420630223879802e+02
    2.097674449474181e+02
    1.659795153529696e+02
    1.380109395019976e+02
    1.358194605373529e+02
    1.878204120063306e+02
    1.727818248259709e+02
    1.218748962473974e+02
    1.499142889437319e+02
    1.516859472777696e+02
    1.832503725158593e+02
    1.340521722840268e+02
    1.707555122079664e+02
    1.981769686300100e+02
    1.814196495490313e+02
    1.766327277558707e+02
    1.879848040895776e+02
    1.773632424987245e+02
    1.719716080600521e+02
    2.011023676307616e+02
    1.899320211283258e+02
    1.758168813677766e+02
    1.306891016864041e+02
    1.858788858628823e+02
    1.683483080641861e+02
    1.459844947660129e+02
    1.322253849761756e+02
    2.333127180207558e+02
    2.376617757486051e+02
    1.824854486008874e+02
    2.496821765157411e+02
    2.310357414405892e+02
    2.003134020037865e+02
    2.012153001365763e+02
    1.700934773475970e+02
    1.296885230832498e+02
    1.395680137173558e+02
    2.184801875641683e+02
    1.962998309893952e+02
    2.244558213592745e+02
    2.251420713616837e+02
    2.272805739313171e+02
    2.067486919793359e+02
    1.827783569636934e+02
    1.840669661369323e+02
    1.555140047040365e+02
    1.982748968444389e+02
    2.020731771400725e+02
    1.724138572928683e+02
    1.624940955116261e+02
    2.358043184080321e+02
    2.299227950381129e+02
    2.447702815406757e+02
    1.371076494634372e+02
    1.602468642732586e+02
    2.207885475648911e+02
    2.537700243487396e+02
    1.226104384540028e+02
    1.574520440147893e+02
    2.014187542640832e+02
    2.602599584505219e+02
    1.758429405914899e+02
    1.693141366077913e+02
    2.231207869258120e+02
    2.487274583074361e+02
    2.085502191632042e+02
    1.953332836930895e+02
    1.953464845294693e+02
    1.659085822450325e+02
    2.164134901922381e+02
    1.343511917892897e+02
    2.582039973097690e+02
    1.719200478116085e+02
    1.871498150504073e+02
    2.402297246928561e+02
    2.091230131689119e+02
    2.474245375999379e+02
    1.887894459118095e+02
    1.978757012785857e+02
    1.337001633185426e+02
    1.688622023907959e+02
    1.463609045862029e+02
    1.756574250273815e+02
    1.742504252782663e+02
    2.202678243237511e+02
    2.587613244032306e+02
    2.850942259028443e+02
    1.669122596379134e+02
    1.270292054620364e+02
    1.301915565573748e+02
    1.858189841472094e+02
    1.577436083829775e+02
    1.776268140762622e+02
    1.866590343463216e+02
    2.425914043263057e+02
    2.822722731944427e+02
    1.984292815896765e+02
    1.651621403104861e+02
    2.240161511351809e+02
    1.811739332624381e+02
    1.756747557442949e+02
    1.975054764758661e+02
    1.859839288160879e+02
    2.372187011378938e+02
    1.964896229800985e+02
    1.158050004750325e+02
    1.758600728513409e+02
    2.596164685288448e+02
    1.683449150731744e+02
    2.538647175302316e+02
    2.085106602838715e+02
    2.445896658241560e+02
    1.341499078556069e+02
    1.726487736320811e+02
    1.945261692608219e+02
    2.392402710695532e+02
    1.828124540092608e+02
    1.825268354876360e+02
    2.070805892248268e+02
    1.696325724369510e+02
    1.826798921341430e+02
    2.425004162191522e+02
    1.876641184135255e+02
    1.924799567069365e+02
    1.990286701775435e+02
    1.992206402906871e+02
    2.123489811749806e+02
    2.102076261008855e+02
    2.024243696909002e+02
    1.773985488558807e+02
    1.745726685689442e+02
    1.322354853954613e+02
    2.164032633679980e+02
    2.236541858550066e+02
    1.906550685123639e+02
    2.617326448871228e+02
    1.850141626596420e+02
    1.842055941637048e+02
    1.780426424686780e+02
    2.265188001586043e+02
    2.100865361369409e+02
    1.706646802553630e+02
    1.834442104714734e+02
    2.371902473296097e+02
    2.814477914387300e+02
    1.747791620177145e+02
    1.441700602985034e+02
    2.302302276187095e+02
    2.385797734226244e+02
    1.598535284933183e+02
    1.865285095807008e+02
    2.961100837037660e+02
    2.561074484254067e+02
    2.442215445616165e+02
    2.674805416345771e+02
    2.210838888873297e+02
    1.978155474558164e+02
    2.333329642199826e+02
    2.547016191837082e+02
    1.740496952223251e+02
    1.860976633597696e+02
    1.604980530596254e+02
    2.110790239788520e+02
    1.642239209805334e+02
    1.503045156673522e+02
    1.442585953730438e+02
    2.004876795245380e+02
    2.180819742987399e+02
    1.896404234074211e+02
    1.895571877332191e+02
    1.898476274602177e+02
    2.368467546150339e+02
    2.062864266372267e+02
    1.851427335407885e+02
    2.799945693938838e+02
    2.123746726917312e+02
    1.660220443117811e+02
    1.474937381467032e+02
    1.860490890829294e+02
    2.065347669235945e+02
    2.143983365012099e+02
    2.368936638996445e+02
    2.675446777655253e+02
    2.669551684195221e+02
    2.492302361682681e+02
    2.673032690109579e+02
    2.056376408076238e+02
    1.586528846902303e+02
    1.715007244613008e+02
    1.986379566379975e+02
    2.269085050255001e+02
    1.359724420495007e+02
    1.579179486533707e+02
    2.126988057903293e+02
    1.759564352314828e+02
    1.893364899291032e+02
    1.689697258984341e+02
    1.817943524687166e+02
    1.519775076252000e+02
    1.756051543833541e+02
    1.968435847729120e+02
    2.500622894191275e+02
    2.447190795434625e+02
    2.101165462937809e+02
    2.226798326731455e+02
    2.309204542548650e+02
    2.002370569433947e+02
    2.346980289603505e+02
    1.751951066579431e+02
    2.531480330711702e+02
    2.042147087771491e+02
    2.127360757944820e+02
    1.815909953531724e+02
    1.696456101363742e+02
    1.561606829824251e+02
    1.029465020563526e+02
    2.021018521533881e+02
    2.212346529615195e+02
    1.727145130067163e+02
    1.765095560903592e+02
    2.093907944568195e+02
    2.205232411333452e+02
    1.157730971419534e+02
    1.960929284057886e+02
    2.357947097234540e+02
    1.543960816390734e+02
    2.177781875729403e+02
    2.461799028282525e+02
    2.163396700809079e+02
    2.005784451578472e+02
    2.191065498759451e+02
    2.205101432919048e+02
    2.599536380984023e+02
    2.267459827945993e+02
    1.902480729116195e+02
    1.347040199592055e+02
    1.619234194804125e+02
    1.861911139140193e+02
    1.640605531864082e+02
    1.500557214785891e+02
    1.915763886255507e+02
    2.112367365386450e+02
    2.126892678733952e+02
    1.480927682362500e+02
    2.328046237422819e+02
    2.531928681393526e+02
    1.948437403315137e+02
    2.066579406651897e+02
    2.025456992030547e+02
    1.952480626991598e+02
    1.581491276603379e+02
    1.945795752409452e+02
    1.935847735618665e+02
    1.906141529777307e+02
    2.170400568898071e+02
    2.425292485971443e+02
    1.612955325498535e+02
    1.910898799354925e+02
    1.759933871014744e+02
    2.566728067165019e+02
    2.147655514789062e+02
    2.016247899374696e+02
    1.203300141794938e+02
    2.026700346898338e+02
    2.158699858695030e+02
    2.044860943790439e+02
    2.104116180837156e+02
    2.239784241002934e+02
    1.296777743099102e+02
    2.278481534840819e+02
    2.039872164486832e+02
    1.552492574196077e+02
    1.746615265768281e+02
    2.375690742583743e+02
    2.050577714537155e+02
    2.402569009439725e+02
    1.758960395399077e+02
    2.166344800631236e+02
    2.474886652656573e+02
    2.059330349227508e+02
    1.899405957491376e+02
    1.922643286836239e+02
    1.771994376105130e+02
    2.019626369537121e+02
    1.957379969756397e+02
    2.379249698555299e+02
    1.697169790705340e+02
    1.584640703030084e+02
    2.275443124034496e+02
    1.738279241103680e+02
    1.513147567828003e+02
    1.727440388998656e+02
    1.739263182925248e+02
    1.726668987325229e+02
    1.950159897370145e+02
    1.963837758161941e+02
    1.482113289177590e+02
    2.154392841377887e+02
    1.942229965748186e+02
    1.863637534670323e+02
    1.776431338929189e+02
    1.938414670032029e+02
    2.364779641044623e+02
    2.428754020984104e+02
    2.211328514732389e+02
    1.967560419613113e+02
    2.901658380094102e+02
    2.695531080719115e+02
    2.107585479046298e+02
    1.740226507989394e+02
    1.889543084886759e+02
    2.141314569366210e+02
    2.152093570906885e+02
    2.269357566620783e+02
    1.850454879323075e+02
    1.932309026765728e+02
    1.625570460576336e+02
    2.047554823748646e+02
    2.317009273263420e+02
    1.585225702203968e+02
    1.206343584360513e+02
    1.126774965807522e+02
    1.944076088823169e+02
    2.146015410431903e+02
    1.927458533620660e+02
    2.426974226754862e+02
    1.373093740068629e+02
    1.629715345550210e+02
    2.337422026849390e+02
    1.909947137336434e+02
    2.745846784690707e+02
    2.057000302180404e+02
    1.931148275440813e+02
    1.998320520120575e+02
    2.251889963770901e+02
    2.074543804528855e+02
    1.775243425987293e+02
    1.728336203027322e+02
    1.312137163313332e+02
    2.242170865948208e+02
    2.124827756620545e+02
    2.085213549964067e+02
    2.393327076925647e+02
    2.148972097707889e+02
    1.944166147500658e+02
    1.692133926661216e+02
    1.758666467353476e+02
    1.711092520658030e+02
    2.099787147364333e+02
    1.927580823900604e+02
    2.533785097328746e+02
    2.407836399390300e+02
    1.779181755035978e+02
    2.462939970712102e+02
    1.769188051104317e+02
    2.082023312320973e+02
    3.020964986180087e+02
    2.020857280113034e+02
    2.330808760872219e+02
    2.451012180096023e+02
    2.348596346544485e+02
    1.859364986150024e+02
    2.062864143166769e+02
    2.826024893201475e+02
    2.098558607427969e+02
    2.147471328415162e+02
    1.665246188393922e+02
    2.087179878485563e+02
    1.714540195765983e+02
    2.099411411871171e+02
    2.589057298365657e+02
    1.699551318394248e+02
    1.610948184164340e+02
    1.968914510321008e+02
    2.495685382351945e+02
    2.350427473221635e+02
    2.240712421507266e+02
    2.387650038000930e+02
    2.262612909911087e+02
    2.009973555581939e+02
    2.468170584118690e+02
    2.261005507259881e+02
    2.038369035925092e+02
    1.548399447872299e+02
    1.867677495380246e+02
    1.528897104541488e+02
    2.211094090929180e+02
    1.962861746119779e+02
    2.227296978281709e+02
    2.120051556350126e+02
    1.936265107829820e+02
    1.354489873242932e+02
    1.683825019961563e+02
    1.805754216726064e+02
    1.873324436049626e+02
    1.749462316076404e+02
    1.528528330800503e+02
    1.758101348924629e+02
    1.103857032558471e+02
    1.413058207758843e+02
    1.801658916222021e+02
    2.457163160680443e+02
    2.455285663268040e+02
    2.007866572593872e+02
    1.959660337526003e+02
    1.967066435204805e+02
    1.588922621815794e+02
    2.092599664275411e+02
    1.470272595659094e+02
    1.979396743801851e+02
    1.760165353966215e+02
    1.942171595491595e+02
    1.725313815394469e+02
    2.070737787061972e+02
    2.730024576882943e+02
    1.834313032310882e+02
    1.928835655853339e+02
    2.525376494411591e+02
    2.249513920622655e+02
    1.886425254181967e+02
    2.017961104219046e+02
    2.064415629087620e+02
    1.977020144002648e+02
    1.643569889109028e+02
    1.332267090995890e+02
    1.502369142724609e+02
    1.885889943462939e+02
    2.016065223491859e+02
    2.048337260365179e+02
    2.425408360029792e+02
    2.192804134954099e+02
    2.408277754769620e+02
    2.079694233308669e+02
    1.954935226929365e+02
    1.921551873328474e+02
    1.603517597589189e+02
    1.657749822255016e+02
    1.771716778014547e+02
    2.704305887112116e+02
    2.849967498452088e+02
    2.472854815995049e+02
    1.578682990374443e+02
    1.949734913130646e+02
    1.607063273625556e+02
    2.162693651794416e+02
    2.036342053242072e+02
    2.584946137559450e+02
    2.169753126003513e+02
    2.143274920673628e+02
    1.793977792924215e+02
    2.145843935052017e+02
    2.101398575025166e+02
    2.249042461056911e+02
    2.217564509323677e+02
    2.619107350319234e+02
    2.181391820032024e+02
    1.549964538583276e+02
    1.598671393375105e+02
    2.197054478312566e+02
    2.406953564360595e+02
    2.740116972796511e+02
    1.693996976423352e+02
    2.676238869491669e+02
    2.405327513237125e+02
    1.857683320584545e+02
    2.335805431878464e+02
    1.586548139952868e+02
    1.348322737439662e+02
    1.554161989837814e+02
    1.683075146591887e+02
    2.234531029405093e+02
    2.350385659343442e+02
    1.717713215802598e+02
    2.139339398452216e+02
    1.597130686754485e+02
    2.416530719329705e+02
    1.696383136226336e+02
    1.728063653374443e+02
    1.518438814096362e+02
    1.875405369194846e+02
    1.967372788053490e+02
    2.221661189714257e+02
    1.607851279147167e+02
    2.084725418270398e+02
    2.100624805039649e+02
    1.803313751383666e+02
    1.227015865778651e+02
    1.839193956156760e+02
    2.242647992947616e+02
    2.141302871052346e+02
    1.976906952290460e+02
    1.700834162195508e+02
    1.861880022223374e+02
    1.850495471736679e+02
    2.174303334147805e+02
    1.767794482710940e+02
    2.546558960031371e+02
    2.236504142540798e+02
    1.559403615137933e+02
    1.547715060674977e+02
    2.495227842253064e+02
    2.469620372331940e+02
    1.962113570223607e+02
    1.326490248755886e+02
    1.671089824128137e+02
    2.223461027582732e+02
    1.866475867239114e+02
    1.827524936052953e+02
    1.723174387928179e+02
    1.631081939196690e+02
    1.286387994480356e+02
    2.179633274746811e+02
    1.621121874662458e+02
    1.419678112593226e+02
    1.316455379025217e+02
    1.840600878672194e+02
    2.277608125235827e+02
    2.297844044534861e+02
    1.581036923718909e+02
    2.280942947781512e+02
    1.721308920707247e+02
    1.502578817999415e+02
    2.198597431574069e+02
    2.844117842322373e+02
    2.192682781272288e+02
    2.213589093619646e+02
    2.212643127297224e+02
    2.537772188083386e+02
    1.857315282173317e+02
    2.016196277166011e+02
    1.365069875598192e+02
    1.850817764131693e+02
    1.743202598117296e+02
    1.898754949828844e+02
    1.484284440266185e+02
    2.816486668907999e+02
    1.965378278435503e+02
    2.105522846003976e+02
    1.890243441902271e+02
    2.059391252655394e+02
    2.212261922050084e+02
    2.123985300255686e+02
    1.834719042142592e+02
    1.631049720205601e+02
    2.232974548463153e+02
    2.093831180472000e+02
    2.065231599344349e+02
    2.212068684819587e+02
    2.228840770388422e+02
    1.974696126948038e+02
    1.744648352459149e+02
    2.007974026150669e+02
    1.410749231653745e+02
    2.320965122535210e+02
    2.027626883724463e+02
    1.235525757924006e+02
    1.344230753695388e+02
    1.990641029460687e+02
    2.237799184180824e+02
    2.396832933831354e+02
    1.572653079918030e+02
    2.380078884494083e+02
    2.372778251311229e+02
    2.644304292834249e+02
    2.511929080455877e+02
    2.031254901100885e+02
    2.109339483994245e+02
    1.512122671870372e+02
    1.684545697173144e+02
    2.571573881438133e+02
    2.251369816359670e+02
    1.578892886191466e+02
    1.959379645234696e+02
    2.040692967095447e+02
    1.549602209317823e+02
    1.808544469418564e+02
    1.251993491743133e+02
    1.527012614311661e+02
    2.440486898479799e+02
    2.406295149016785e+02
    2.707058567165848e+02
    1.652984626295813e+02
    1.628037847442613e+02
    1.790853624543990e+02
    1.439813056700473e+02
    1.634709931320822e+02
    1.908022161068357e+02
    2.192884192478198e+02
    2.401793652978301e+02
    2.235833105268091e+02
    2.030416163543043e+02
    1.464647921337610e+02
    1.938902522682747e+02
    1.449788487098328e+02
    1.970392017775976e+02
    2.284492897775817e+02
    2.308912874781231e+02
    2.071381412742551e+02
    2.613078792011549e+02
    2.014328449743152e+02
    2.247232334704313e+02
    1.677422503909565e+02
    2.240487793622140e+02
    2.374225908690357e+02
    1.695272509207780e+02
    1.985422364155750e+02
    1.699824622327139e+02
    2.446624168003484e+02
    1.754325666488569e+02
    1.708574300827627e+02
    1.929353128731373e+02
    1.806835145769662e+02
    2.172743559755213e+02
    2.236028987166242e+02
    1.727964797545508e+02
    1.969497762787717e+02
    1.754606838357188e+02
    1.531997370474016e+02
    1.641053891335935e+02
    1.853249571561480e+02
    2.549965637680157e+02
    1.981400928451251e+02
    2.323852806289199e+02
    2.281338780768078e+02
    2.124401233739582e+02
    1.552256894066375e+02
    1.799831205844896e+02
    1.653097735529684e+02
    1.781268183335544e+02
    1.585853814395261e+02
    1.915855055417194e+02
    1.893302091781698e+02
    2.345305665474393e+02
    2.200404822528890e+02
    1.701358227352421e+02
    1.598099000605941e+02
    1.741668287815662e+02
    2.663607283844794e+02
    2.864101977235248e+02
    2.341286219239362e+02
    1.549459386387730e+02
    1.544080497135690e+02
    2.131327861125158e+02
    2.129043927209977e+02
    2.374094822335439e+02
    1.945398042179306e+02
    1.917112014661518e+02
    2.783547703629210e+02
    2.285521309702665e+02
    1.671182613914243e+02
    2.430529235815277e+02
    2.679629364287894e+02
    2.265615336352232e+02
    1.472932835487677e+02
    1.630980244502916e+02
    2.181580446976238e+02
    2.709535466465479e+02
    1.844668840129100e+02
    2.129857869221667e+02
    2.170936258540735e+02
    2.141301031667911e+02
    2.015060293033741e+02
    2.764087643499727e+02
    1.814074479219494e+02
    2.506498428811744e+02
    2.142859022869709e+02
    1.845231796302312e+02
    1.343292770411892e+02
    2.272862716543239e+02
    1.362727690195061e+02
    1.958205506571323e+02
    1.646516048426395e+02
    2.181748056208471e+02
    1.690623041726235e+02
    2.259625823527597e+02
    2.233381623836203e+02
    1.752310284400619e+02
    1.706370047772032e+02
    1.974159235575303e+02
    1.877794088399173e+02
    2.215674578147605e+02
    2.384928874216769e+02
    2.061095883090900e+02
    1.654718707652489e+02
    1.545840906253886e+02
    2.815276077076476e+02
    2.011888657621591e+02
    1.669815225604282e+02
    2.284434192817878e+02
    2.070511532979197e+02
    2.174792446292031e+02
    2.036664058561769e+02
    2.300445283582076e+02
    2.272380063759181e+02
    2.967114736957762e+02
    1.950848756369805e+02
    1.416091085367611e+02
    1.794341718998191e+02
    2.151777243297022e+02
    1.986587515898384e+02
    2.142440377229366e+02
    1.946910277981635e+02
    1.906226881177281e+02
    2.482493742126985e+02
    2.206887523935484e+02
    1.829722479250688e+02
    1.735275859944909e+02
    1.563451057317400e+02
    1.669034412178826e+02
    2.058029303222645e+02
    2.170171761307017e+02
    1.900491406729282e+02
    1.713265337719236e+02
    1.850985626290503e+02
    2.103107703732553e+02
    1.919131863228540e+02
    1.905635334444560e+02
    1.810151680602280e+02
    1.922480155810172e+02
    2.578411078621616e+02
    2.333228830333599e+02
    2.582101308079132e+02
    1.645149257099138e+02
    2.254164276949552e+02
    1.654662097060339e+02
    1.823339418304249e+02
    2.242978282371701e+02
    1.592178521015808e+02
    2.086790905356406e+02
    2.319349372568479e+02
    1.987203025279382e+02
    2.109891012449043e+02
    1.660273731744780e+02
    1.466654552922728e+02
    2.169401343583047e+02
    1.358140992834058e+02
    2.274147594360591e+02
    1.777223751545773e+02
    1.565993430853598e+02
    2.335655507959336e+02
    2.032357223263455e+02
    2.863270819076672e+02
    1.651760712544740e+02
    1.930870358154527e+02
    2.599374831833848e+02
    2.447248460691878e+02
    1.807168422434040e+02
    2.364724903402089e+02
    2.219262446276969e+02
    1.776856425486176e+02
    1.905594722618218e+02
    2.084090082190573e+02
    2.217694711385127e+02
    1.749946387470777e+02
    2.425424543603287e+02
    2.255788469771426e+02
    2.134594271506353e+02
    2.315332562201115e+02
    1.855596498400735e+02
    1.461986165274061e+02
    1.408217484151464e+02
    2.080677900029184e+02
    1.809646348340755e+02
    2.195776518642390e+02
    2.718282573447357e+02
    2.429700017072673e+02
    3.103934815787477e+02
    2.041989509803614e+02
    1.587409727743682e+02
    2.221175523694501e+02
    1.850133659755795e+02
    1.957296696915046e+02
    1.894655326417944e+02
    1.980483231131075e+02
    1.682666423462445e+02
    2.108536688714958e+02
    1.932358500766497e+02
    1.928145768101570e+02
    1.421300994330795e+02
    1.633574395874791e+02
    2.564984924395594e+02
    2.505836265684127e+02
    2.412368624254748e+02
    1.545258818615491e+02
    2.320427006318471e+02
    2.140628214200103e+02
    2.562228985494926e+02
    2.342860112218727e+02
    2.162212273587750e+02
    2.066318881127722e+02
    1.992681330291236e+02
    1.993344824935366e+02
    1.670119869543544e+02
    1.800227940321463e+02
    2.503210530549461e+02
    2.215891232833997e+02
    2.311093822334522e+02
    1.886794209168659e+02
    1.863078995906903e+02
    2.152108583765300e+02
    2.438177609232491e+02
    2.194649677458744e+02
    2.236760676851623e+02
    2.270676309966450e+02
    1.928349837199005e+02
    1.882277082549797e+02
    2.137249166677498e+02
    1.656591821886263e+02
    2.111618366584821e+02
    1.760740992409092e+02
    1.866578427091792e+02
    1.645306933795564e+02
    2.438399205204030e+02
    2.071923470332422e+02
    2.149328803970718e+02
    1.819811937427357e+02
    2.445975905878413e+02
    1.930646522613154e+02
    1.776340842163313e+02
    1.994345708993251e+02
    2.294164064884717e+02
    1.840287183851706e+02
    1.431069612370277e+02
    2.088562474662240e+02
    1.319762218642552e+02
    2.363978738661262e+02
    2.790237451875748e+02
    1.624060674473867e+02
    1.100553262542417e+02
    1.379659282537000e+02
    1.939083212653884e+02
    2.392053042060479e+02
    1.404001377338943e+02
    1.778841431389230e+02
    2.394469631760694e+02
    2.634069208410745e+02
    2.041363790440050e+02
    1.793704723961582e+02
    2.369399686734812e+02
    1.779706046739011e+02
    2.319811311325782e+02
    1.958001031458934e+02
    2.574575326384502e+02
    1.874231282368419e+02
    2.484326311287373e+02
    2.579825099167715e+02
    2.035616734039581e+02
    1.943766613895752e+02
    2.061146676041199e+02
    1.843593802177645e+02
    1.868821404499249e+02
    2.030407521032748e+02
    2.061551476505849e+02
    1.995499578428280e+02
    1.801463732050934e+02
    2.211017668328020e+02
    2.275805587129378e+02
    2.697594421198164e+02
    1.604626975084966e+02
    1.920730254376872e+02
    1.990155560468406e+02
    1.791821880574219e+02
    2.109617873651484e+02
    1.808625833573683e+02
    2.393868070224937e+02
    1.634647774902987e+02
    1.714853315721280e+02
    1.373110257472933e+02
    2.001567446673687e+02
    2.239492386249140e+02
    2.020049322116415e+02
    1.356513171523250e+02
    1.977747217387071e+02
    1.862764975392565e+02
    2.273921195554840e+02
    1.853500371457699e+02
    1.743772632008063e+02
    1.701170663160406e+02
    2.396398259224031e+02
    2.186798732067837e+02
    2.383959139059311e+02
    1.965548112401837e+02
    2.010918955850775e+02
    1.871002378698051e+02
    1.814869471512225e+02
    2.449083696878813e+02
    2.123949400007120e+02
    1.740787809650737e+02
    2.338367789291613e+02
    2.218900596959929e+02
    2.554828545036776e+02
    2.656509283122887e+02
    2.346195407875564e+02
    2.204965149479312e+02
    1.604106644593128e+02
    1.865704423530985e+02
    2.082797039088587e+02
    2.166485843040823e+02
    2.491311043302744e+02
    1.534802100259219e+02
    1.169098206998206e+02
    1.850681752771834e+02
    1.958692385099027e+02
    1.747805485989431e+02
    2.074316011190297e+02
    1.591880460040738e+02
    1.775223280762714e+02
    1.559962325760944e+02
    2.288009222731068e+02
    2.569585965704039e+02
    2.981402758850732e+02
    1.959771830602278e+02
    1.774863198917262e+02
    1.729194007778972e+02
    2.020742207449166e+02
    2.284898617717590e+02
