    2.455166405741636e+02
    1.736557636606341e+02
    1.766182786681832e+02
    2.452312450005211e+02
    2.334012185040626e+02
    1.773646896632256e+02
    1.699250606736555e+02
    1.650043285013941e+02
    2.312757147849534e+02
    1.618478873758781e+02
    1.430186970820226e+02
    1.898374762668363e+02
    2.592005827112509e+02
    2.095636268414807e+02
    1.879217837339323e+02
    1.663542549057619e+02
    2.275992363954949e+02
    2.175648498771442e+02
    1.988929063851858e+02
    1.866766752996260e+02
    1.888023171774969e+02
    1.962948672789518e+02
    1.744140097856666e+02
    2.151890526366697e+02
    1.807499310509487e+02
    1.647689797768067e+02
    1.943375087911448e+02
    1.975884214170034e+02
    2.781268153816920e+02
    1.604860227858344e+02
    2.091701834552892e+02
    2.736443138055673e+02
    1.985680001263355e+02
    1.871154339375171e+02
    1.618268031263068e+02
    2.373669916984841e+02
    1.700609873459777e+02
    1.865522382427583e+02
    1.601108351704612e+02
    1.281180216981208e+02
    1.924929238133929e+02
    2.469288310573578e+02
    1.911521810717040e+02
    2.011036445988486e+02
    1.588163394784564e+02
    1.702297085289156e+02
    2.425562588923713e+02
    1.855470575463406e+02
    1.096764415322534e+02
    1.427188150903270e+02
    1.809749632158380e+02
    1.702952015976918e+02
    1.809229923030055e+02
    1.680605380783736e+02
    1.891850177952508e+02
    1.408258212475112e+02
    1.674181462376250e+02
    1.889664487234027e+02
    1.951523985835719e+02
    1.441404682397297e+02
    1.814782686596776e+02
    1.731984100256293e+02
    2.044454900136474e+02
    2.773159204155485e+02
    1.819012171134450e+02
    1.789885164662266e+02
    1.802091875055912e+02
    1.194338310996268e+02
    1.370156326845323e+02
    2.195944565654632e+02
    1.929944339792949e+02
    1.976192778003956e+02
    2.164653130239705e+02
    2.323552773696383e+02
    2.224494320791284e+02
    1.560054921431555e+02
    2.591966251369914e+02
    2.100001845465287e+02
    2.051311996648761e+02
    1.972678865198186e+02
    1.925217188541895e+02
    1.959183587413573e+02
    2.319819481726698e+02
    1.943961950756535e+02
    1.670589964820338e+02
    2.003894413352501e+02
    1.657046934812173e+02
    1.805006259088314e+02
    2.229786326656375e+02
    1.897199108863369e+02
    1.916358379874266e+02
    1.338850463836444e+02
    1.924790102089356e+02
    1.678899818428711e+02
    1.955197856204485e+02
    1.991833678606399e+02
    2.221268557031593e+02
    1.963602417772765e+02
    1.807020364273740e+02
    2.322878304157204e+02
    1.770081380357327e+02
    1.930373107671716e+02
    2.407432777820762e+02
    2.443338762219346e+02
    2.861302270223794e+02
    1.585007402159938e+02
    1.952439080874746e+02
    2.462910075609896e+02
    1.641313398861739e+02
    2.417119913790363e+02
    1.913156519433096e+02
    1.542243244375214e+02
    2.397409652695181e+02
    2.503673569924577e+02
    1.894190755848656e+02
    2.043338646151592e+02
    1.745547321510013e+02
    2.252991010765167e+02
    2.269145942483510e+02
    1.621815870824545e+02
    1.952384652762764e+02
    2.297808411970320e+02
    2.079279129583664e+02
    1.957359646234285e+02
    2.022306329638958e+02
    2.187679094224724e+02
    2.302357187531229e+02
    1.847988222839467e+02
    2.043750821547106e+02
    1.981993636293163e+02
    1.438805719452728e+02
    1.590558097243800e+02
    1.346518617654235e+02
    1.587192263979369e+02
    1.921843208221256e+02
    2.691005332246232e+02
    2.378547605831821e+02
    2.400252881399379e+02
    1.819705761946634e+02
    2.171641379756738e+02
    1.853789696657233e+02
    1.948112557373648e+02
    2.105605029716494e+02
    1.938282999503318e+02
    1.889663986700248e+02
    1.882047299061745e+02
    2.283807658760645e+02
    1.866329329504057e+02
    1.658975778071772e+02
    2.031474922828326e+02
    2.226214635230272e+02
    1.568798301121691e+02
    1.534029542995495e+02
    2.507909097223748e+02
    2.750251434355044e+02
    2.626013628260338e+02
    2.076931730837521e+02
    1.963682019639327e+02
    1.858550166413247e+02
    1.849022932032017e+02
    2.200206599628658e+02
    1.635811397921674e+02
    1.729858138465400e+02
    2.382776467286016e+02
    2.119835701325647e+02
    2.453450785690839e+02
    2.084875271946254e+02
    1.849715996218521e+02
    1.770778114413636e+02
    1.221482335636841e+02
    2.390649211594672e+02
    2.717808219001878e+02
    2.208405613655864e+02
    1.671968613752514e+02
    1.934808020623345e+02
    2.274189732962671e+02
    1.926548685052683e+02
    1.988251384533493e+02
    1.363682404848797e+02
    2.098068216326791e+02
    2.040827978959399e+02
    2.099671031226873e+02
    2.105836570864824e+02
    1.147901407817801e+02
    1.259721727615340e+02
    2.303357180915529e+02
    1.472616220732880e+02
    2.135413049437076e+02
    2.157530772721097e+02
    1.876606170231878e+02
    1.961674250584693e+02
    2.495838966113166e+02
    2.158794167953508e+02
    2.944972981037967e+02
    2.096978914608647e+02
    2.013538177496341e+02
    2.573003353258372e+02
    2.027501466357705e+02
    1.858727806382998e+02
    2.003019530579306e+02
    2.027048499868181e+02
    2.647598123510383e+02
    1.856324861093412e+02
    1.641207104933065e+02
    1.997412308661288e+02
    2.011701701887358e+02
    2.829205705899724e+02
    2.354494031364828e+02
    2.109987269842065e+02
    2.296107712455685e+02
    2.065101771246921e+02
    1.332121256638007e+02
    2.061957831457062e+02
    2.541343644305076e+02
    2.467916148964864e+02
    1.976055966170438e+02
    1.575164906895603e+02
    2.347109492681466e+02
    2.012480741500934e+02
    1.423917781899667e+02
    1.411030151810957e+02
    2.329818328637492e+02
    2.217463646347855e+02
    1.817363667221807e+02
    2.220916772389248e+02
    2.390673989351197e+02
    2.100206603729157e+02
    2.008220741029612e+02
    2.267025496229715e+02
    2.368561510757249e+02
    2.465504323795642e+02
    1.452601854424330e+02
    1.922770153291717e+02
    2.177088709058867e+02
    1.723734880755583e+02
    1.840116854660809e+02
    2.237370626574079e+02
    2.362827698619725e+02
    2.398150940587664e+02
    1.970813610834784e+02
    1.517357140058385e+02
    1.596372938651689e+02
    2.238006177277657e+02
    2.285780981196470e+02
    2.422302054351937e+02
    2.335370963671687e+02
    2.324512799343836e+02
    2.074895751174409e+02
    2.307115822094360e+02
    2.602556267077242e+02
    2.360267917579966e+02
    1.809959258291178e+02
    1.678921858586972e+02
    2.425547926503324e+02
    1.620843463453096e+02
    1.901275619507811e+02
    1.961378903558364e+02
    2.290300278999462e+02
    1.403135125745240e+02
    1.810973150262043e+02
    2.189953066370231e+02
    1.883561274265810e+02
    1.532592053781764e+02
    2.168180745367357e+02
    2.488366464264573e+02
    1.695323219890560e+02
    2.585192426703753e+02
    1.740353479136525e+02
    1.214976130690241e+02
    2.180911545778167e+02
    1.986613746269467e+02
    1.946573143399280e+02
    2.043963453265536e+02
    2.015140071956500e+02
    2.293497987566690e+02
    1.779950284725180e+02
    2.110029495588344e+02
    1.501505252412278e+02
    1.536091682580741e+02
    1.926666747514770e+02
    1.829552985295396e+02
    1.813032683730580e+02
    1.957416844038016e+02
    1.944071401181026e+02
    2.280941026089738e+02
    2.244914774803834e+02
    1.898220462039484e+02
    2.054649858326479e+02
    2.186664183283926e+02
    1.719299416722913e+02
    1.565195493548805e+02
    2.338008531748051e+02
    1.835290188652448e+02
    2.053808820548926e+02
    1.894665304257279e+02
    1.991949554699210e+02
    1.893027000448842e+02
    1.740679414921908e+02
    2.556876351938627e+02
    2.311646439188416e+02
    2.614728244160818e+02
    3.056258989673711e+02
    2.193241964975942e+02
    2.104770672950985e+02
    1.950385389509950e+02
    1.295013358135026e+02
    1.751081605068896e+02
    2.178399704230702e+02
    1.545504364519900e+02
    1.383100337252898e+02
    2.021391160531005e+02
    2.017017049565919e+02
    1.758585831578654e+02
    2.199393460699559e+02
    1.932809178311328e+02
    1.993714306994605e+02
    2.060212598078238e+02
    1.679490666163986e+02
    2.010520828782160e+02
    2.030465723375079e+02
    2.011639147779778e+02
    2.226797119136080e+02
    1.813641687523011e+02
    2.044046759759340e+02
    2.271127690043448e+02
    2.186353395349147e+02
    1.659401214272873e+02
    2.350391892992553e+02
    1.468399054136961e+02
    2.067098227736466e+02
    2.484776593463079e+02
    2.796810603186736e+02
    2.299968830484511e+02
    2.250272795656548e+02
    1.817004060841145e+02
    1.674276616694027e+02
    2.658572521598597e+02
    2.471414258141539e+02
    3.032124100013965e+02
    2.311050286659992e+02
    1.799160520814803e+02
    3.076590903794391e+02
    1.843243503803018e+02
    2.248126741524322e+02
    2.226151395530934e+02
    1.914517696463065e+02
    2.009618347163422e+02
    1.512741199628249e+02
    2.109688930513687e+02
    2.597834322701613e+02
    2.175764849546783e+02
    1.906407067363983e+02
    2.293403626233822e+02
    2.282050434428231e+02
    2.058067299933487e+02
    2.488940718659580e+02
    1.813905337143785e+02
    1.914361083156604e+02
    1.393416489551385e+02
    2.133737220339685e+02
    2.678644992368635e+02
    2.610010761724885e+02
    2.547649465054633e+02
    1.931923336897711e+02
    2.287341570025467e+02
    2.143542478108719e+02
    2.233143914395129e+02
    2.205580807369557e+02
    2.066011411239884e+02
    1.933037197265782e+02
    1.703932593058244e+02
    2.188263932708230e+02
    2.174784563574707e+02
    2.780072799003329e+02
    2.493137511282526e+02
    2.011061356837064e+02
    1.550449590657814e+02
    1.716180011150112e+02
    1.589055914454832e+02
    2.007224567515891e+02
    2.041463913540196e+02
    1.122113413392657e+02
    1.753934295700242e+02
    1.466717838041302e+02
    1.191499798769638e+02
    1.706763706938716e+02
    1.783867124188271e+02
    2.778162518354674e+02
    2.549350302932470e+02
    2.627370010806231e+02
    1.725002605412823e+02
    1.824980463262358e+02
    1.319479512160621e+02
    1.594353410674131e+02
    1.960388998170811e+02
    2.188492228767097e+02
    2.448202490970903e+02
    1.987757050555825e+02
    2.371863284925212e+02
    2.208723477418567e+02
    1.651166008476997e+02
    1.643626813572507e+02
    1.686429234802335e+02
    1.849792645900089e+02
    2.127638248210076e+02
    1.997535123171599e+02
    2.067954710036526e+02
    1.932538329528194e+02
    1.889791417057978e+02
    2.074528315121728e+02
    2.393235141346133e+02
    2.433483359174795e+02
    1.880724532376848e+02
    2.035083520848548e+02
    1.621120702303091e+02
    1.500348003429684e+02
    2.036601227430924e+02
    1.746128169549650e+02
    1.374118865647995e+02
    1.968278568895175e+02
    1.491644704221238e+02
    2.142473850452421e+02
    1.734956560146549e+02
    1.625417931729351e+02
    2.112280276607311e+02
    2.627777937406262e+02
    2.189357269753089e+02
    2.020829574356503e+02
    2.084918951291161e+02
    1.804406877271981e+02
    2.020914035078454e+02
    1.832980363838089e+02
    2.125845338230374e+02
    2.362782397898349e+02
    1.701577724246994e+02
    2.222517289162704e+02
    2.542009972141017e+02
    1.950550077391136e+02
    1.419671329191181e+02
    2.156066010568946e+02
    2.535954528743093e+02
    2.168975354725222e+02
    1.708398655288931e+02
    1.216225385485149e+02
    1.042002962767970e+02
    1.274935451696638e+02
    1.310066124436833e+02
    2.309909519872349e+02
    2.233274756427113e+02
    1.293697075458567e+02
    1.671396343341820e+02
    1.901743741313396e+02
    1.730374993640885e+02
    2.205622273684946e+02
    1.797463263208277e+02
    1.875529690041765e+02
    2.572179795751009e+02
    1.541634829794015e+02
    1.270569019411283e+02
    1.794739879852034e+02
    2.287312264100228e+02
    2.303619798550528e+02
    1.934886942120568e+02
    2.084608608602360e+02
    1.473855511100913e+02
    1.552375552952191e+02
    2.397833941196211e+02
    1.456982552726390e+02
    1.305631338793017e+02
    2.025512421701973e+02
    2.026900719707749e+02
    1.631393655814117e+02
    2.388715280683823e+02
    2.456163511790390e+02
    1.635907838017397e+02
    1.440451789184982e+02
    1.532059131164158e+02
    1.815811178540736e+02
    2.008334372409502e+02
    2.299858515127380e+02
    2.525928815942842e+02
    1.890436717509789e+02
    2.013673420721102e+02
    1.803779510172126e+02
    2.389137145720127e+02
    2.243162077415997e+02
    1.968674723291531e+02
    1.617599934823301e+02
    2.084265272957919e+02
    2.121257663039984e+02
    2.132444876715937e+02
    1.684137920608327e+02
    2.191385979785599e+02
    2.667055939376132e+02
    2.652876169204899e+02
    2.934667186945990e+02
    1.764850452514861e+02
    1.517517494798693e+02
    1.869545281708201e+02
    1.912304139854507e+02
    2.301772291588600e+02
    2.759884125686415e+02
    2.232856229780367e+02
    2.140039073803956e+02
    1.875492697150054e+02
    2.022440970916614e+02
    1.822285098082523e+02
    1.522411701008173e+02
    1.809737178331744e+02
    2.131974471186987e+02
    2.112309274261315e+02
    1.209469130383275e+02
    1.900518050521760e+02
    2.127854178936741e+02
    2.078248334967964e+02
    2.029233647766273e+02
    2.013216444348404e+02
    1.581340201596379e+02
    2.382781356937699e+02
    2.742274416065550e+02
    2.102401541057702e+02
    2.451955431499391e+02
    2.209056762763032e+02
    1.451445078827044e+02
    1.215744442097048e+02
    2.351420382016772e+02
    1.607237100689667e+02
    1.632613031883909e+02
    2.119663678500956e+02
    2.051564223075184e+02
    2.632008868097159e+02
    2.773623628072050e+02
    1.783744279594521e+02
    1.686150150622757e+02
    1.676751174403921e+02
    1.234772855380572e+02
    2.156644454497143e+02
    2.077451278002570e+02
    1.879140410316302e+02
    1.276836061568940e+02
    2.013749855112371e+02
    2.062028504256443e+02
    2.046678441717961e+02
    2.078753433324471e+02
    2.890232566544410e+02
    2.114540499028055e+02
    2.251089088008655e+02
    1.969675903018424e+02
    2.320408733270312e+02
    1.632049218757572e+02
    2.277775199827374e+02
    2.284439425698201e+02
    1.943161450017828e+02
    1.356488015061404e+02
    1.685530173302516e+02
    1.695389241794669e+02
    1.949281836147418e+02
    2.196755224476124e+02
    2.278861939951764e+02
    2.145213608095639e+02
    1.671368304326575e+02
    1.772845539629577e+02
    1.557886222061040e+02
    2.570129602293594e+02
    1.982260360059979e+02
    1.593734976462883e+02
    1.627015770833350e+02
    1.745129234326566e+02
    1.792143856270320e+02
    1.715255305323126e+02
    1.925250174872701e+02
    1.346385725764526e+02
    1.471327435938781e+02
    1.794429488481217e+02
    1.717171957526011e+02
    1.851189631666978e+02
    2.323993346935708e+02
    2.248860082452507e+02
    2.414074301643655e+02
    2.011123324189145e+02
    1.927835892310009e+02
    1.298148709039799e+02
    1.989309481794135e+02
    1.942279526215452e+02
    1.659711176903272e+02
    2.528473778959290e+02
    1.695116742969094e+02
    1.684743092696760e+02
    1.837134512280647e+02
    1.928557776882587e+02
    2.938312535341129e+02
    2.606818136073252e+02
    2.087627438823040e+02
    1.609241204142984e+02
    1.560536237738404e+02
    1.118574015788238e+02
    1.443665149971036e+02
    1.431484738950689e+02
    1.923221093106258e+02
    1.924347372875741e+02
    1.566846288598788e+02
    1.772214936832893e+02
    1.735839517351599e+02
    2.052827650959773e+02
    2.677207473764884e+02
    2.460898368299956e+02
    1.923155895233413e+02
    2.162382433478001e+02
    1.162146093246429e+02
    1.368871280937412e+02
    2.106833008105707e+02
    2.396662992752647e+02
    2.032494968863512e+02
    2.296216578625535e+02
    1.897294285501118e+02
    1.874568434764774e+02
    2.297398152264554e+02
    2.412469192894650e+02
    2.166817553685132e+02
    1.605577408050260e+02
    2.037717908306661e+02
    2.360768626879599e+02
    2.569351380287958e+02
    2.395315225614672e+02
    1.894692304973921e+02
    2.255918772109294e+02
    2.834915877186040e+02
    3.061428318540129e+02
    1.777202260384536e+02
    1.972988829711483e+02
    2.435570799021480e+02
    1.917182494661336e+02
    1.690370715950166e+02
    2.156245606432230e+02
    1.787923342917748e+02
    2.109134736306794e+02
    1.380791138856432e+02
    1.676056115179756e+02
    2.743476296475637e+02
    1.951784898218614e+02
    1.538784843055794e+02
    2.392672392572388e+02
    2.061613969077371e+02
    2.455053533065268e+02
    1.646299089170395e+02
    1.431860119927660e+02
    1.698721078100732e+02
    1.816460488116388e+02
    1.851867721658971e+02
    1.994731210020484e+02
    2.296787775166888e+02
    2.274888900700921e+02
    1.789923347546210e+02
    2.182435678173113e+02
    1.554204903835944e+02
    1.464272702173548e+02
    1.668837270865333e+02
    2.003705431226183e+02
    1.666610891936284e+02
    2.210300845274548e+02
    2.082874146806876e+02
    1.806338426384343e+02
    1.960863146324664e+02
    1.251645406419459e+02
    1.522735447206617e+02
    1.310326651556602e+02
    1.849647614561513e+02
    1.966145627885703e+02
    2.012960712661788e+02
    2.719763287178239e+02
    2.121859050584692e+02
    1.956880231577270e+02
    1.584866010968562e+02
    1.517991298493712e+02
    2.033773250964464e+02
    2.520073832786898e+02
    2.214799382050126e+02
    1.846660219141404e+02
    1.367635657586504e+02
    1.838763095920842e+02
    2.233998577784746e+02
    2.556337350768410e+02
    2.002544755140036e+02
    1.952907844037770e+02
    2.260071836597149e+02
    1.824538769568653e+02
    2.145593947218197e+02
    1.471666718095992e+02
    1.937971232227767e+02
    1.791088543523733e+02
    1.253017607579545e+02
    1.474193831412651e+02
    1.643556038086535e+02
    2.162210652928820e+02
    1.747352792654169e+02
    1.736924262315699e+02
    1.946731318749562e+02
    2.176974549129341e+02
    1.797298423819700e+02
    2.592333978013016e+02
    2.307548620476632e+02
    2.243634983836273e+02
    2.017700771100806e+02
    2.098439126275798e+02
    2.759895968962735e+02
    3.012457243359006e+02
    2.246929203702200e+02
    2.056128505054187e+02
    1.876872897364080e+02
    2.487126075802576e+02
    2.459138146921805e+02
    2.709396602165577e+02
    2.612609066064067e+02
    2.307536917427240e+02
    1.537259462108443e+02
    1.775826453984087e+02
    1.903726061947521e+02
    2.215304689766219e+02
    2.509222125554982e+02
    2.146551015033936e+02
    2.107442370550257e+02
    1.469315860869119e+02
    1.805883763131737e+02
    2.216019993528585e+02
    1.556125305703142e+02
    1.123238712037971e+02
    2.321787097573088e+02
    2.065318338311909e+02
    2.365158176488137e+02
    1.904726345797735e+02
    2.276252632835542e+02
    2.523136902504666e+02
    2.441026185507201e+02
    1.944390298775158e+02
    1.748080806327425e+02
    1.680215350824255e+02
    2.254623266691772e+02
    2.300950240249153e+02
    2.206186396575447e+02
    1.651566157991499e+02
    1.995502878390505e+02
    1.744576949909958e+02
    1.893522769725473e+02
    1.536732424809293e+02
    2.018549919885697e+02
    1.774827838312262e+02
    2.254224945000010e+02
    2.706805412022993e+02
    2.054845047675849e+02
    2.984897423898826e+02
    2.608580660903851e+02
    1.833145504638378e+02
    1.707283018768328e+02
    2.183677014594059e+02
    2.367149318749750e+02
    1.234397170772331e+02
    5.848855209149747e+01
    1.206488055308148e+02
    1.822414364571944e+02
    1.955364824221999e+02
    1.456013113144104e+02
    1.435384379595405e+02
    1.829239866507248e+02
    2.175113584025689e+02
    1.939005065781237e+02
    2.198434351692651e+02
    2.035618048579374e+02
    2.218349673188084e+02
    2.010144383262002e+02
    2.068160219219362e+02
    1.734997310847973e+02
    2.056234498869810e+02
    2.471672134769881e+02
    2.405250058439458e+02
    1.930912215572494e+02
    1.878745597110481e+02
    1.955730483685386e+02
    1.548892365689824e+02
    2.365396840896017e+02
    1.815220694381060e+02
    2.153838808089529e+02
    2.252658510905360e+02
    1.288377134089194e+02
    1.821609929185831e+02
    2.665922338662733e+02
    1.952901909982995e+02
    1.360602845967480e+02
    2.911875836694378e+02
    2.431263098402678e+02
    2.104119353738076e+02
    1.916675363317518e+02
    2.073900884176089e+02
    2.727796853723612e+02
    1.456035635355988e+02
    1.714793695757953e+02
    1.945041536830729e+02
    2.424159379535513e+02
    2.231132787002082e+02
    1.852582999319281e+02
    1.964122399461678e+02
    2.327756957468796e+02
    2.268270742374057e+02
    2.254312348494193e+02
    1.956814696778599e+02
    1.833162249573775e+02
    2.026069161929161e+02
    1.516963607732907e+02
    2.342214111348392e+02
    1.711503174657241e+02
    1.993591062882092e+02
    2.161733751771692e+02
    2.361326614125710e+02
    2.129292510538619e+02
    1.809096630510453e+02
    1.483423430657433e+02
    2.543480600593239e+02
    2.643376694919255e+02
    1.944535798004870e+02
    2.449409409393104e+02
    2.282715660596364e+02
    2.256846140543382e+02
    2.036037323883659e+02
    2.656329084530728e+02
    2.141285499717242e+02
    1.948313852341425e+02
    2.057436702780149e+02
    1.455353882052214e+02
    1.630758174238031e+02
    2.265876172289757e+02
    1.936632847562839e+02
    2.347764762846668e+02
    1.891125264586947e+02
    2.023734918760215e+02
    2.099388300420287e+02
    1.690751435625873e+02
    2.165179623342158e+02
    1.677353387432493e+02
    1.833201714494237e+02
    2.183266304004485e+02
    2.481511566943436e+02
    2.039163252856815e+02
    1.481628561362550e+02
    1.986489235965837e+02
    1.689077227450514e+02
    2.330800189650540e+02
    1.963391433607126e+02
    1.873317045657166e+02
    1.835493170904192e+02
    2.061473536736014e+02
    1.809132813563917e+02
    1.919327007834033e+02
    1.768312414896639e+02
    1.817602393639550e+02
    1.899673291897352e+02
    1.730129203818933e+02
    2.004860555389655e+02
    2.263244592758178e+02
    2.412901326085171e+02
    1.839307120033493e+02
    1.715316298201833e+02
    1.413223436298881e+02
    1.898177838542961e+02
    1.678512651380208e+02
    1.547026612862862e+02
    2.366999205843717e+02
    2.014930744389073e+02
    1.618936396068068e+02
    1.989358928746810e+02
    2.021500512048658e+02
    1.809143171369419e+02
    2.327470161866586e+02
    1.992521337173287e+02
    1.934470143079670e+02
    1.963814198462944e+02
    1.467293611349407e+02
    1.906728037932226e+02
    2.166530098928081e+02
    2.020314805464704e+02
    2.339279421319497e+02
    2.130518455491256e+02
    2.160634580331532e+02
    2.156724509534502e+02
    1.891695072007462e+02
    2.696873678116424e+02
    1.712462759564414e+02
    2.033571513761638e+02
    2.043239610772719e+02
    1.922197063179658e+02
    1.661425660256066e+02
    2.338694224440553e+02
    1.975895668429359e+02
    2.547294391419575e+02
    2.548880621907142e+02
    1.425441566180257e+02
    1.783149382825741e+02
    1.408392327127342e+02
    2.708091507810309e+02
    3.001542976270855e+02
    2.496555324534063e+02
    2.224116660248012e+02
    1.506886827325104e+02
    1.938506569308947e+02
    2.612293791865955e+02
    1.989220748883747e+02
    1.402150736619342e+02
    2.135038106844081e+02
    2.005771479862074e+02
    1.594358500579870e+02
    2.472539102771225e+02
    2.336994660398227e+02
    2.346229292622718e+02
    1.649161102692619e+02
    1.764730095437494e+02
    1.877613503903433e+02
    2.133903101794135e+02
    1.708996920743141e+02
    1.951984630850518e+02
    1.358503091079797e+02
    1.785057152331547e+02
    2.123570753779325e+02
    2.041999571216661e+02
    2.033648198352410e+02
    2.515427658038266e+02
    2.000590326176427e+02
    2.458388891397351e+02
    2.041759635799906e+02
    2.192660044904494e+02
    2.247593042329254e+02
    1.736015353659479e+02
    1.883599353066916e+02
    1.955601604451772e+02
    9.405560179382860e+01
    2.002691920756206e+02
    2.160023973212753e+02
    2.621060021051687e+02
    2.296629215566452e+02
    1.742404611774282e+02
    2.672533709902882e+02
    1.900431520937150e+02
    2.125309191449219e+02
    2.191491792209297e+02
    1.769901598782428e+02
    1.507814801092138e+02
    1.897104338587530e+02
    1.507540321222575e+02
    2.693593973945701e+02
    1.985097920574185e+02
    1.552272631966707e+02
    1.666525589704668e+02
    1.892841391039178e+02
    1.978024627935565e+02
    1.914687787586888e+02
    1.809294271313468e+02
    2.686328805653920e+02
    1.783247863194640e+02
    2.041763926434191e+02
    2.228589543824012e+02
    2.598414237340251e+02
    1.852867475426876e+02
    1.680896534808289e+02
    1.327692923032930e+02
    1.452743868437426e+02
    2.157186550768552e+02
    1.963210806759196e+02
    2.060804064832064e+02
    2.518025124106373e+02
    2.642619720602977e+02
    2.278805901474129e+02
    2.452937058598172e+02
    1.507210329113684e+02
    1.813562629234980e+02
    2.465347411976745e+02
    2.746841906607267e+02
    2.233747868368573e+02
    2.014721410869936e+02
    2.885536208469216e+02
    2.571194627592160e+02
    2.168504924287117e+02
    1.646094437382203e+02
    1.461575755355341e+02
    1.361223593380225e+02
    1.288416006662271e+02
    2.389725003866886e+02
    1.541635779631918e+02
    2.018092436916959e+02
    1.136771916583950e+02
    1.809184158362177e+02
    2.431812895495239e+02
    1.973594655354611e+02
    1.859086640965688e+02
    2.653506492645454e+02
    1.928618822198564e+02
    1.811939433499504e+02
    2.358533310130520e+02
    2.004741945354613e+02
    2.685247758280559e+02
    2.828566017436060e+02
    2.446616841820207e+02
    2.578161237387906e+02
    1.654422774827242e+02
