    2.090176273365441e+02
    2.068912935602261e+02
    1.879723675754091e+02
    2.222071890493580e+02
    1.938178942641990e+02
    1.861763064731908e+02
    2.017978788327755e+02
    2.445915363333908e+02
    2.440561093324646e+02
    1.611891780352216e+02
    1.418797959619738e+02
    1.828427109323970e+02
    1.583149036509929e+02
    2.391694997001267e+02
    2.121606122514496e+02
    1.388807023561577e+02
    1.479273025626049e+02
    2.551350442257031e+02
    2.309945280189638e+02
    1.923900663868136e+02
    1.917635423676401e+02
    1.517880505737451e+02
    1.423268399238301e+02
    2.450967811985976e+02
    2.162470056351621e+02
    1.540844678730708e+02
    2.405302195538024e+02
    2.492825229135140e+02
    2.295216760610419e+02
    2.086012603899309e+02
    2.021557245735025e+02
    2.107616085002439e+02
    2.353546193886254e+02
    2.292237031953313e+02
    1.786050508070184e+02
    2.085007862505346e+02
    2.022727068344919e+02
    2.109737956212659e+02
    1.529219293487540e+02
    2.212863458172785e+02
    2.192012960895960e+02
    1.741172303767466e+02
    1.951907265440888e+02
    1.339972403177012e+02
    1.359358927413448e+02
    1.608972459993387e+02
    2.433719951076272e+02
    2.321823248647825e+02
    2.188016227467033e+02
    1.889169905975780e+02
    2.482598045223382e+02
    2.209079348884372e+02
    2.225947155397603e+02
    1.896270947405348e+02
    1.967264747147993e+02
    2.105638377533548e+02
    2.555683342059268e+02
    2.021286617795460e+02
    2.667084549002088e+02
    1.850256834454920e+02
    1.931627214449163e+02
    2.061952546987432e+02
    1.844004270861449e+02
    2.016140372558368e+02
    2.379662269492238e+02
    2.352248039100878e+02
    2.592416561066747e+02
    2.216592505992509e+02
    1.921166443627807e+02
    2.184906227341676e+02
    1.944716280428486e+02
    1.430876693517649e+02
    2.323898381211279e+02
    2.231694314288939e+02
    2.667551563868990e+02
    1.967603290180135e+02
    1.460524061410074e+02
    2.467942522297579e+02
    2.111667181193579e+02
    1.792383748682229e+02
    1.906477249945593e+02
    2.370593078154143e+02
    2.249819041593479e+02
    2.519498717412689e+02
    1.472655738752393e+02
    1.534371568646083e+02
    1.795706164031863e+02
    1.792966008309737e+02
    1.865132291519022e+02
    2.350066675987377e+02
    2.291351967834986e+02
    2.012003968593054e+02
    2.237729789789790e+02
    1.982138627271726e+02
    2.167795254797072e+02
    2.113675161943888e+02
    1.437902586325293e+02
    2.049912053315755e+02
    1.565712060020074e+02
    2.050177056291406e+02
    1.852680638681352e+02
    1.935439831877821e+02
    1.758596011923692e+02
    1.855331412530757e+02
    1.991295130213742e+02
    1.793690324945486e+02
    1.903910452253825e+02
    2.251781348473696e+02
    1.659090571127297e+02
    2.813223902257010e+02
    2.204562468574457e+02
    1.571457884882598e+02
    2.133511571975228e+02
    1.436977497247746e+02
    1.470850235858603e+02
    2.137192206393560e+02
    2.027823368734482e+02
    1.727373038421879e+02
    1.929711821497617e+02
    2.676199173697744e+02
    1.601676942555308e+02
    1.734423322557321e+02
    1.994262737108467e+02
    1.990861228402933e+02
    2.148173590865194e+02
    1.632395161270914e+02
    2.103142569563515e+02
    1.858733404202624e+02
    1.925403234979150e+02
    2.220583971487429e+02
    1.871659626613328e+02
    2.453700793652285e+02
    2.745117282287814e+02
    2.949228895731778e+02
    1.679682261229902e+02
    1.512262090640627e+02
    1.943084064140947e+02
    2.413433093551362e+02
    1.812633998368918e+02
    1.575955564724239e+02
    2.084590230416859e+02
    2.883031662080700e+02
    1.727637034462936e+02
    1.858194681044370e+02
    1.976095212619745e+02
    1.423332943290995e+02
    1.864408441843696e+02
    1.781839249008200e+02
    2.068084747099957e+02
    1.878337482720252e+02
    1.603198649947529e+02
    2.639375541079892e+02
    1.983433397509029e+02
    2.200835823141628e+02
    2.332613287080707e+02
    2.089957935241557e+02
    2.024699670942292e+02
    1.422727857611596e+02
    1.731596305724719e+02
    1.959985920244657e+02
    1.389430021027368e+02
    1.911018642643484e+02
    1.995717061386003e+02
    1.821200189461447e+02
    2.460223512987537e+02
    2.280465255713850e+02
    2.034383394413359e+02
    2.239094452763868e+02
    1.985139534308570e+02
    2.108083648825308e+02
    1.918714314778506e+02
    1.647662351731969e+02
    1.518188461873365e+02
    2.534053826795386e+02
    1.756599477845245e+02
    1.535813171287614e+02
    1.477129045329269e+02
    2.225896830171271e+02
    2.175631806366985e+02
    1.636911850920256e+02
    1.630868847581624e+02
    1.948079637333345e+02
    1.889841996449721e+02
    2.327938136913798e+02
    1.771907847749074e+02
    1.937016474715534e+02
    2.488874260746238e+02
    2.068092240243089e+02
    2.202265107595554e+02
    2.270372455326137e+02
    2.415325846250738e+02
    2.334684824842134e+02
    2.035292767712596e+02
    1.334590592152594e+02
    1.452848622526764e+02
    2.208669578720335e+02
    1.779847597304354e+02
    1.913069346540942e+02
    2.004788922185014e+02
    1.324528420121442e+02
    1.758557396689534e+02
    2.271538529058614e+02
    1.632250771876386e+02
    2.015758895525491e+02
    2.178109538340217e+02
    2.379180374133892e+02
    2.221599429996363e+02
    2.487655271240382e+02
    1.772954156562707e+02
    1.270393275380872e+02
    1.248108492486980e+02
    1.746810014203180e+02
    2.646297237366264e+02
    1.828399814297364e+02
    2.266617216542755e+02
    1.605146644495932e+02
    2.416389496087362e+02
    2.483615899881033e+02
    2.487799683993680e+02
    1.818093261895518e+02
    1.899040141648877e+02
    1.566979165404379e+02
    1.891547753177167e+02
    1.785995244124743e+02
    1.810000617724148e+02
    1.928587704162760e+02
    1.942671709934936e+02
    2.297373571639972e+02
    2.122744889465659e+02
    1.737115858649798e+02
    1.875995516362465e+02
    1.529319178575795e+02
    1.646824253539395e+02
    1.897645755783867e+02
    2.170394516613783e+02
    2.255617125240369e+02
    1.837381438871799e+02
    1.513999821805268e+02
    1.817689612545831e+02
    2.061436945351321e+02
    2.753621373497444e+02
    2.637884299938571e+02
    2.342681211707040e+02
    2.061444209474939e+02
    2.418187836949338e+02
    1.965873649968992e+02
    2.166580745148124e+02
    1.992067356142798e+02
    2.537844018556032e+02
    2.406874080131354e+02
    2.043019205938432e+02
    1.831001703639885e+02
    1.731174359953641e+02
    1.775286133577512e+02
    2.019469658456023e+02
    1.399522035361215e+02
    1.602537282758800e+02
    2.160905028997337e+02
    2.177603542161683e+02
    2.228033675611721e+02
    2.155768722139408e+02
    2.364846708275445e+02
    2.079629495406715e+02
    1.505429387627191e+02
    2.032056372918100e+02
    1.760474649534871e+02
    2.206556589273458e+02
    2.568892980928064e+02
    2.288571942727356e+02
    1.966615195804650e+02
    1.568878494347558e+02
    1.788734060818524e+02
    2.042662826389045e+02
    1.944194309705102e+02
    1.999953720043163e+02
    2.018717356241217e+02
    1.743246426970154e+02
    1.665020485001071e+02
    2.216834863540009e+02
    1.426067574676318e+02
    1.683148416341652e+02
    1.811095150297456e+02
    2.064422868985451e+02
    1.558655054934951e+02
    2.115647215176710e+02
    2.345232871119606e+02
    2.830654697564279e+02
    2.593570877882269e+02
    2.175821837531697e+02
    1.726677992131204e+02
    2.355314927825731e+02
    1.821924126649174e+02
    1.783919711838161e+02
    1.690223917073075e+02
    2.249400603326785e+02
    2.013150303773153e+02
    1.576998731834902e+02
    2.258359821786968e+02
    1.960344462622493e+02
    2.788197294503686e+02
    1.682276520060776e+02
    1.719430137186311e+02
    2.577328154854638e+02
    2.028156831880705e+02
    1.400094308319228e+02
    1.491329475657545e+02
    1.649674951966915e+02
    2.199164969443706e+02
    1.912432686439104e+02
    2.875364102892991e+02
    2.231824231259719e+02
    1.740228180636626e+02
    1.755431422123326e+02
    2.311052492253469e+02
    1.457180507863615e+02
    1.975633960531059e+02
    2.394481285780313e+02
    1.850104465886756e+02
    1.607680471652139e+02
    1.819757938427057e+02
    2.146558915974845e+02
    1.515760941006829e+02
    1.705832588752463e+02
    1.958435380617317e+02
    2.854114231195308e+02
    2.824653515135890e+02
    1.977868000793558e+02
    1.472436771770890e+02
    1.556749519759899e+02
    1.921492579262008e+02
    2.223224358665448e+02
    2.198365068776286e+02
    2.150662172114005e+02
    2.242597370356623e+02
    2.010168357206243e+02
    1.926773206856330e+02
    2.525616096566728e+02
    2.054622369367684e+02
    2.458183751696032e+02
    1.985233022161719e+02
    2.241499695406384e+02
    1.455076223906144e+02
    1.375191112692528e+02
    1.472284698265270e+02
    1.738200989219672e+02
    2.584745322445855e+02
    2.357691954361650e+02
    2.042549768445610e+02
    1.695741254001155e+02
    2.300792760686812e+02
    1.677808624354765e+02
    1.074190796058178e+02
    1.786552500812530e+02
    2.134501529185178e+02
    1.853228845106833e+02
    1.636562211122617e+02
    1.371753037320212e+02
    1.890010311625679e+02
    2.480836379405912e+02
    2.490005129105174e+02
    1.799683034951687e+02
    1.293611622435907e+02
    1.545242462980150e+02
    1.893481509367911e+02
    1.940554291392988e+02
    2.201895678316532e+02
    1.708579240678353e+02
    2.121586235012046e+02
    1.520453999990610e+02
    1.931110776166207e+02
    1.542172879097620e+02
    2.288300298630912e+02
    2.283358713437661e+02
    1.529020608232321e+02
    2.279321833419772e+02
    2.543413314552799e+02
    1.995755899554399e+02
    2.585439833906088e+02
    2.448288238447174e+02
    2.216446604915274e+02
    2.453075402257087e+02
    2.011801683745404e+02
    2.032416426782436e+02
    2.278547023731426e+02
    2.096628637859152e+02
    2.346337377998339e+02
    2.632340030283859e+02
    1.766555547967744e+02
    1.498877005904961e+02
    2.020108272691090e+02
    1.302714282745256e+02
    1.716709358337755e+02
    1.599461589965057e+02
    2.040346382177711e+02
    2.168315996454822e+02
    2.581616484055053e+02
    1.785765180792708e+02
    2.292227195005916e+02
    2.974097462155260e+02
    2.107240298678869e+02
    1.870179719363006e+02
    2.214318315567874e+02
    2.088744468497458e+02
    1.495993481654864e+02
    1.971299710496112e+02
    2.418738284319528e+02
    2.255914989937884e+02
    1.291720430414745e+02
    1.726328563890615e+02
    2.016997885601131e+02
    1.818520554760892e+02
    1.288422727323962e+02
    1.415128140625228e+02
    1.864641562625320e+02
    1.727941789803793e+02
    1.814865025995357e+02
    1.879644389380456e+02
    1.379755636743539e+02
    2.079392447881798e+02
    2.047560400421082e+02
    1.736323760957555e+02
    1.585062879432280e+02
    1.987634142746049e+02
    2.862468690821407e+02
    2.221874286343336e+02
    2.116572352952136e+02
    2.378682108267259e+02
    2.078310526111051e+02
    1.865189544622433e+02
    1.689366423919540e+02
    1.852177532315972e+02
    2.020529926258564e+02
    1.657771836115921e+02
    1.906243116874219e+02
    2.132087566272367e+02
    2.061661516106591e+02
    2.354021782394409e+02
    2.355859783071548e+02
    2.175176884118486e+02
    2.078338878830448e+02
    2.269992666528714e+02
    2.551495299945549e+02
    2.233725293450499e+02
    2.367601805417360e+02
    2.091947003549927e+02
    1.809969425444314e+02
    1.899971690747680e+02
    1.692920791897569e+02
    1.815161369305679e+02
    2.423118590766387e+02
    2.191292078633614e+02
    2.066277930484159e+02
    1.581179175030167e+02
    1.280713672639314e+02
    1.617855559639764e+02
    2.038833061959025e+02
    2.363143501861549e+02
    2.097344822530874e+02
    1.920458906130426e+02
    2.434397501790727e+02
    1.919899200661001e+02
    2.025768926171867e+02
    2.154855930599524e+02
    2.150014074126716e+02
    1.558809057892375e+02
    1.850581901687730e+02
    1.498101629085420e+02
    2.164178604231262e+02
    2.881232318220924e+02
    1.885806890040334e+02
    1.655292850013740e+02
    1.637661566236602e+02
    1.927381674424839e+02
    1.242480608085469e+02
    1.367383879285273e+02
    1.972257084428759e+02
    1.438529059216984e+02
    1.484379373743923e+02
    1.756009355238388e+02
    1.864755129848896e+02
    1.380469208722235e+02
    1.213615162505033e+02
    1.487846703802262e+02
    2.173806543433705e+02
    2.202067296915510e+02
    1.261600896386653e+02
    1.608846615562857e+02
    2.470245701354321e+02
    2.338279629144154e+02
    2.070857858928139e+02
    1.733791900119866e+02
    2.029788236253091e+02
    1.523694112555847e+02
    1.771406084729318e+02
    1.925716669337703e+02
    1.921858245429144e+02
    2.344346818845406e+02
    1.831109157393507e+02
    1.836921905488464e+02
    1.946454506666333e+02
    2.097616970681452e+02
    1.974632433937728e+02
    1.549925240960846e+02
    1.669409764393521e+02
    1.635675855042695e+02
    1.872045107375476e+02
    2.050945021725067e+02
    1.855576433826030e+02
    2.355644836769687e+02
    2.439646140227131e+02
    2.316796513592948e+02
    1.703441798034828e+02
    1.844416938743916e+02
    1.397794535543733e+02
    1.579738902268366e+02
    2.273790082313258e+02
    2.286377599919854e+02
    1.825008225402848e+02
    1.750671699873965e+02
    2.093394288027991e+02
    2.316150481800753e+02
    2.406710797522805e+02
    2.134343133097889e+02
    1.926660907824009e+02
    1.804563945228438e+02
    1.547463549417080e+02
    2.322899971165259e+02
    2.143412852055781e+02
    2.060940877832275e+02
    2.401815693786239e+02
    2.301181742995345e+02
    2.159251759599692e+02
    2.168457157161515e+02
    2.131543453445158e+02
    2.010119797636787e+02
    1.795417351157232e+02
    1.808423664113502e+02
    2.324584283528634e+02
    1.713723677275777e+02
    2.418564734694439e+02
    2.236431907607539e+02
    1.813462841670957e+02
    1.606746765009154e+02
    2.252701063693235e+02
    2.769537952737335e+02
    3.132692701376629e+02
    2.055538749549487e+02
    1.696161537770627e+02
    1.459687504368389e+02
    2.047641316370061e+02
    1.783327718524129e+02
    2.195373718515009e+02
    2.516203703613678e+02
    2.607374676734810e+02
    2.051891177538960e+02
    2.164825252591868e+02
    2.787872245480912e+02
    2.638846196838119e+02
    2.307550004240932e+02
    1.485283400439948e+02
    1.454255336800816e+02
    1.933005613343971e+02
    1.975992162184775e+02
    1.949588080921410e+02
    1.537598199059994e+02
    2.038674093151053e+02
    2.808575338899527e+02
    1.339087654924549e+02
    1.235711528604384e+02
    1.787289257076725e+02
    2.173631162366883e+02
    2.070422852420324e+02
    1.558273168215339e+02
    1.774863861749907e+02
    2.751889221508543e+02
    1.476415582683239e+02
    1.914563511709207e+02
    1.960133412426580e+02
    1.809734343035313e+02
    1.857620873922019e+02
    1.619746435463537e+02
    1.945151681179743e+02
    2.012516014805396e+02
    1.706228286517046e+02
    2.430763945715887e+02
    1.964195008967488e+02
    1.833104689092579e+02
    2.005611380301025e+02
    1.785077107153620e+02
    1.794410816370942e+02
    2.120712440197121e+02
    2.827571465371625e+02
    2.487411439491575e+02
    2.225975835766792e+02
    1.686081503224534e+02
    2.541064126306617e+02
    2.254958576140359e+02
    2.272442284059696e+02
    2.222196972138397e+02
    2.146417764503065e+02
    2.048388077450170e+02
    2.645296147867850e+02
    2.396306343201729e+02
    1.242231912988564e+02
    2.168989354645259e+02
    1.777267818646305e+02
    2.721423976889787e+02
    2.309982217106494e+02
    1.884593599941502e+02
    2.380165977586194e+02
    1.911369819698973e+02
    1.127819954163715e+02
    1.609485879346471e+02
    1.867120318175785e+02
    2.597683017930785e+02
    2.553093146789615e+02
    2.327304193063560e+02
    2.482385359489558e+02
    2.028743565961395e+02
    1.734657886812374e+02
    2.399721575581952e+02
    2.624825064791628e+02
    1.697869849826532e+02
    1.746574095953065e+02
    2.059993795585933e+02
    2.144710512154609e+02
    2.063487567981701e+02
    1.944738411856861e+02
    2.017697021775029e+02
    2.379506776928849e+02
    1.886425089502154e+02
    1.966628437278496e+02
    3.012712306691105e+02
    1.946078702155592e+02
    1.776586196855283e+02
    1.667828129379268e+02
    2.363370411280346e+02
    1.797699230112346e+02
    2.057763708065931e+02
    1.766655125180625e+02
    2.290998099482783e+02
    1.936804538696401e+02
    1.784711062829012e+02
    1.978642509691053e+02
    2.070957163211915e+02
    1.726579125631042e+02
    2.120088495901757e+02
    2.087997206751550e+02
    1.607211769469802e+02
    1.882846562640043e+02
    2.048797935859477e+02
    1.740402014824815e+02
    2.270855904800919e+02
    2.045063000150969e+02
    3.054729311995811e+02
    1.964867316476943e+02
    1.959899003532121e+02
    1.959573705456023e+02
    2.358521041437643e+02
    2.824822870409639e+02
    2.618529373039541e+02
    2.273502659839119e+02
    1.687928222276491e+02
    2.057729370853906e+02
    1.507669048846014e+02
    1.807948600367808e+02
    1.844349642045370e+02
    2.237882836491622e+02
    1.835583999018195e+02
    2.266642837860047e+02
    2.256562305551097e+02
    1.663213078750982e+02
    1.384634981228521e+02
    1.918814004163789e+02
    2.445372439267169e+02
    2.048225860341654e+02
    1.739279611833445e+02
    2.017184271120243e+02
    2.986385942157528e+02
    2.805610441267186e+02
    1.551264811569320e+02
    2.141630610420668e+02
    2.606094996040474e+02
    1.813471872317507e+02
    2.943271913950298e+02
    2.028954487807471e+02
    1.731039821638035e+02
    1.984646799763982e+02
    1.871873489318796e+02
    1.995077013640309e+02
    1.423932164017879e+02
    1.675645019673584e+02
    2.280128724126212e+02
    1.935001472721274e+02
    2.027487965571538e+02
    2.055817591774269e+02
    1.776602747389916e+02
    1.784266781147051e+02
    1.947362196988126e+02
    1.919798399098022e+02
    2.253808676834910e+02
    2.590642199730337e+02
    2.110265211628007e+02
    1.565947635126042e+02
    1.597224817258996e+02
    1.669694559275217e+02
    1.589908429145817e+02
    1.851908740398414e+02
    1.737631940491667e+02
    1.894541603970072e+02
    1.465237085135084e+02
    1.309048692761962e+02
    2.055110143671300e+02
    1.848367389682664e+02
    1.283843506742005e+02
    2.036289843585712e+02
    1.616260984738869e+02
    2.264017279725851e+02
    1.972481287849143e+02
    1.871347886235912e+02
    2.023177424790742e+02
    1.949629618752454e+02
    1.656670594206912e+02
    1.898618625435620e+02
    1.887476641419278e+02
    2.194924645245942e+02
    2.165352425684603e+02
    2.252751334912659e+02
    2.422971730749850e+02
    1.904739716129791e+02
    2.045861777973585e+02
    2.108156374650525e+02
    1.966608648013482e+02
    2.423990576138783e+02
    1.506089193389994e+02
    1.854820376402608e+02
    2.162136681437755e+02
    2.272984451895763e+02
    1.944826189672199e+02
    2.600068416943941e+02
    2.326700059056077e+02
    1.594867742844440e+02
    1.897126340202874e+02
    2.223310585363447e+02
    2.137080823420843e+02
    1.895056111589349e+02
    2.034588980748686e+02
    2.355764669733514e+02
    1.931060711663395e+02
    1.813602383160128e+02
    2.398122468369525e+02
    2.216104158080338e+02
    2.400262437791537e+02
    1.559052370434608e+02
    1.987624022083003e+02
    2.101643803097124e+02
    2.126189771286147e+02
    2.919559843885486e+02
    2.300610316461768e+02
    1.590893153912282e+02
    2.272495988786261e+02
    1.884221488008882e+02
    1.496908923442322e+02
    2.052409918481897e+02
    1.823067580048200e+02
    2.238750214032041e+02
    2.157763154568499e+02
    2.113808949465260e+02
    2.424352255057613e+02
    1.605931387403587e+02
    2.057668435935909e+02
    1.264760659286969e+02
    1.670216379536896e+02
    1.720494773741336e+02
    2.653339010924458e+02
    1.842598505067826e+02
    1.557576223881074e+02
    1.985998812140667e+02
    2.555903095249391e+02
    2.440403993669190e+02
    2.527772012279911e+02
    2.230194348551777e+02
    2.935521937987482e+02
    2.429713293988630e+02
    2.125783653221652e+02
    1.703061064701274e+02
    2.061150876508691e+02
    1.677077019558487e+02
    2.443225419844191e+02
    1.963741010178853e+02
    1.993869403811698e+02
    2.101755508258418e+02
    2.170610546840885e+02
    2.212336706958922e+02
    2.140998904823732e+02
    1.363970510135368e+02
    2.445463462076600e+02
    1.922926138232481e+02
    2.299669783850766e+02
    2.454464503735062e+02
    2.176955641409950e+02
    1.661449420564315e+02
    1.547268120970909e+02
    1.859166525050694e+02
    2.168883550079499e+02
    1.815797022627430e+02
    1.694111680443655e+02
    2.303181026533559e+02
    1.977258950913188e+02
    1.798404826732451e+02
    1.974545573320790e+02
    1.466308150897635e+02
    2.265444609950475e+02
    1.171197267325454e+02
    1.340289670118159e+02
    1.817166824656590e+02
    1.841504218531804e+02
    1.771335764415028e+02
    2.050805637780343e+02
    1.968913649422518e+02
    1.533654483315888e+02
    1.202871985608067e+02
    1.966673040185901e+02
    2.188045406524213e+02
    1.956509443859841e+02
    2.717453843911744e+02
    1.846084492189311e+02
    1.843753977546339e+02
    1.596847256410501e+02
    1.939404802263857e+02
    2.404956593142936e+02
    2.344848417501146e+02
    2.467534481463645e+02
    2.135318364538080e+02
    1.320169016952605e+02
    2.348833625017994e+02
    1.855987040788273e+02
    1.788506679267061e+02
    2.090519528131517e+02
    2.639433146281647e+02
    2.229027897821470e+02
    2.514093256870467e+02
    1.160005524771657e+02
    1.974732169203992e+02
    1.771242041271364e+02
    1.688533914023105e+02
    1.311767328860822e+02
    1.565136486597453e+02
    2.127381658621573e+02
    1.963864123769758e+02
    1.111720007066845e+02
    2.051837865349705e+02
    2.093981927676543e+02
    2.239931890818866e+02
    1.748549777240237e+02
    2.153210278444612e+02
    2.162519071896634e+02
    2.322345633124291e+02
    2.472510310708310e+02
    2.769148267022592e+02
    1.978981658504665e+02
    1.979558218241971e+02
    2.489715356128568e+02
    2.060029678007118e+02
    1.481530419148373e+02
    1.535986026218711e+02
    1.586414183139993e+02
    1.725523582233109e+02
    1.618774746128963e+02
    2.114624602963295e+02
    1.730174715145608e+02
    1.943985845294469e+02
    2.035709526843129e+02
    1.783846475811265e+02
    2.066675218311889e+02
    1.988503842807495e+02
    2.404650718937069e+02
    2.091344865902840e+02
    1.877841758477746e+02
    2.017830209432702e+02
    2.012333413900569e+02
    2.513201886252068e+02
    2.357797987859590e+02
    1.697007544264375e+02
    2.166559221234559e+02
    2.285311845669969e+02
    2.138427237360850e+02
    2.534486336118016e+02
    1.913592210003981e+02
    1.984530073907263e+02
    1.726488323513456e+02
    1.853255965668404e+02
    2.163748026191115e+02
    1.971132341131977e+02
    2.028984225303657e+02
    2.077574171735489e+02
    1.884913749657267e+02
    1.892730596116132e+02
    2.122894681195453e+02
    1.678684558102862e+02
    2.803844235113797e+02
    2.247976812657384e+02
    2.217961475709092e+02
    3.350756582858514e+02
    1.937547003894531e+02
    1.832952452656662e+02
    1.983988249088407e+02
    1.966952715519426e+02
    2.429068032862403e+02
    1.509999913579929e+02
    2.387550290917216e+02
    2.276584036217707e+02
    2.204339780266662e+02
    1.947474012905411e+02
    2.436343348665105e+02
    1.673211452040812e+02
    1.965962371639694e+02
    1.720457886267195e+02
    2.194600897129328e+02
    1.307293415652498e+02
    1.722932002988955e+02
    1.412828412754641e+02
    1.836064162214791e+02
    1.706991560669883e+02
    2.022234803841332e+02
    1.927064589191150e+02
    2.542633365332210e+02
    1.798108368079261e+02
    1.959708586401257e+02
    2.067504480834202e+02
    1.824038711697381e+02
    2.194786474352316e+02
    2.290574842499939e+02
    2.277788424112612e+02
    2.481305744213364e+02
    1.851916395750163e+02
    1.578169443444676e+02
    2.242760526388531e+02
    2.490877209937901e+02
    2.318978368916078e+02
    1.953960706207931e+02
    2.354152534589377e+02
    1.975744636259344e+02
    1.826373462186609e+02
    1.785346488130767e+02
    2.146411100470471e+02
    1.378306194416155e+02
    1.569661948549367e+02
    1.819924025958414e+02
    3.156603679993304e+02
    1.893947954516966e+02
    2.261744575263936e+02
    2.913665865511825e+02
    1.888370407687205e+02
    1.815803233913027e+02
    1.501271599224390e+02
    1.913720883332655e+02
    1.926792746699050e+02
    2.101311128999339e+02
    2.180745389873061e+02
    2.190602802124408e+02
    2.070744866223060e+02
    2.250081262608353e+02
    2.103206779967127e+02
    1.211274034689814e+02
    1.560555679036668e+02
    2.072291817156054e+02
    1.356665540007168e+02
    1.797708761369995e+02
    1.960106892271779e+02
    2.189201586128013e+02
    1.992877909666220e+02
    1.614331389691540e+02
    1.911679522588963e+02
    1.612533011131802e+02
    2.009695086426120e+02
    1.645482937557983e+02
    1.958352880113796e+02
    1.883796536056991e+02
    2.170968961089773e+02
    1.980958932070553e+02
    1.834975034277534e+02
    1.586566652194244e+02
    1.870622769888541e+02
    1.877564498078470e+02
    2.120847584481351e+02
    2.088667391134982e+02
    2.192763585061005e+02
    1.763668350515593e+02
    2.238920953490208e+02
    1.821484109092876e+02
    1.988600397145569e+02
    1.951789454586685e+02
    2.198184617711047e+02
    1.904266415427969e+02
    2.007855018612554e+02
    1.720617472474635e+02
    2.084280773154740e+02
    1.773367986905646e+02
    2.092892645945119e+02
