    2.025338614390560e+02
    1.619913964353312e+02
    1.786779901956973e+02
    1.945727587556507e+02
    2.488053927656587e+02
    2.099030830588490e+02
    1.838608452813421e+02
    1.905773198454339e+02
    1.753620154388998e+02
    2.051664664767004e+02
    1.969519127704083e+02
    1.577744443572715e+02
    2.211509590122979e+02
    2.156231092986185e+02
    1.637401332483379e+02
    1.904267137679910e+02
    2.159240912085090e+02
    1.091707880929262e+02
    1.903261850862141e+02
    2.071293624518475e+02
    2.142167097195290e+02
    2.496494623240339e+02
    1.852512884079710e+02
    1.396087955136636e+02
    2.244869685232663e+02
    2.239997743224469e+02
    2.410389547621164e+02
    2.581353619032797e+02
    1.918002164291045e+02
    2.106860962387726e+02
    2.210053790268764e+02
    2.227819212825121e+02
    2.064818965316486e+02
    1.845620524256283e+02
    2.169721226907234e+02
    1.950906109159701e+02
    1.307615000942454e+02
    1.882590245131154e+02
    2.506361998246550e+02
    1.989627417327688e+02
    1.858375661526192e+02
    2.148089631425800e+02
    1.949922283105192e+02
    1.823503469898858e+02
    1.612313414367247e+02
    1.526045918597812e+02
    1.724930324253694e+02
    2.149389674227350e+02
    2.383820310265816e+02
    2.650948093117429e+02
    1.901562206544853e+02
    2.377534172884185e+02
    2.191372345934309e+02
    2.277008537573781e+02
    2.134735789058106e+02
    1.638736198407609e+02
    1.830557306428772e+02
    2.596804823552447e+02
    2.633613769207572e+02
    1.913968316187142e+02
    1.746231457141009e+02
    1.609482017000090e+02
    2.260130117305235e+02
    2.083813532326259e+02
    2.270797636508749e+02
    2.782338784674445e+02
    2.651999225184885e+02
    2.032440588457825e+02
    2.105475645905086e+02
    1.900830868999238e+02
    1.778725062238341e+02
    1.714395991188512e+02
    2.324306143620562e+02
    2.217848928205959e+02
    1.714190506647493e+02
    2.715935506474420e+02
    1.993700052089156e+02
    1.850132331252242e+02
    2.032193657673824e+02
    2.109078986374276e+02
    2.152594127076931e+02
    2.187843756871024e+02
    2.414459116218035e+02
    1.982688798578320e+02
    2.238938739416368e+02
    1.461165121091625e+02
    1.526275804606981e+02
    2.245532130022873e+02
    1.789156583493026e+02
    2.143517951212179e+02
    2.501320807499425e+02
    2.286120375363006e+02
    1.773499622227608e+02
    2.052841116057368e+02
    1.571656761039669e+02
    1.721505244544424e+02
    1.819608183920299e+02
    1.949022304226841e+02
    2.165427310248083e+02
    1.938154932025402e+02
    1.595992928651357e+02
    1.908063065911000e+02
    1.589593406520564e+02
    1.870672475878493e+02
    2.018163116457784e+02
    2.196427171430439e+02
    1.828351658155808e+02
    1.928163839108326e+02
    2.455229156929889e+02
    2.171401713275463e+02
    2.106304361290503e+02
    2.137306934222974e+02
    1.940922293899186e+02
    1.573442262070270e+02
    1.517765254727996e+02
    1.717223447451944e+02
    2.041073098084524e+02
    2.198246269939207e+02
    2.005215479269981e+02
    1.595619379281555e+02
    1.802904452173472e+02
    2.158730496107242e+02
    2.337074534678140e+02
    2.340082672525850e+02
    2.210569569337005e+02
    1.654490718948651e+02
    1.731915677412192e+02
    1.744821543495095e+02
    1.657814726231236e+02
    1.961516623301250e+02
    2.383020147564011e+02
    2.231043100254124e+02
    2.084974374305347e+02
    2.482827212663244e+02
    2.589518942858831e+02
    2.098242695662574e+02
    1.991733964337357e+02
    1.171150810616081e+02
    1.863320406686907e+02
    2.519630789505428e+02
    2.207745937113171e+02
    2.497905232984112e+02
    1.495655822111300e+02
    1.635903337005112e+02
    1.861796652555469e+02
    1.704705838246215e+02
    1.988392262816546e+02
    1.767102534839049e+02
    2.063296709167960e+02
    2.235138613910894e+02
    1.821046987885356e+02
    1.898120880438088e+02
    2.284442789884645e+02
    2.541124283837382e+02
    1.753198493852375e+02
    2.085035641120703e+02
    1.976579857410846e+02
    1.889295330875728e+02
    1.465382067160613e+02
    1.866531955564980e+02
    2.179185657775002e+02
    1.318064737071015e+02
    1.564174295978674e+02
    2.163146565793321e+02
    2.591994749575343e+02
    2.771198114120776e+02
    1.829818894198809e+02
    2.195710383990914e+02
    2.048751141162452e+02
    2.157123289311590e+02
    1.791494486794338e+02
    1.625783361719951e+02
    1.962572149503191e+02
    1.457284142296098e+02
    1.571244563381828e+02
    1.838842746436006e+02
    1.823558596383467e+02
    1.509692107981263e+02
    2.056590910565714e+02
    2.603308523651532e+02
    1.948128178454320e+02
    1.542243566360460e+02
    1.832783039056093e+02
    1.741737776107675e+02
    2.626011636842725e+02
    1.755439328618090e+02
    2.232909439315313e+02
    2.777552516111541e+02
    2.205160679767079e+02
    2.099917325568046e+02
    1.573267720737940e+02
    1.900493321899859e+02
    2.302750209846701e+02
    2.272669507462919e+02
    1.307325186267312e+02
    1.774550297603218e+02
    2.002198562833712e+02
    1.909577868490106e+02
    1.762404864951313e+02
    1.419791626206191e+02
    1.654602319381979e+02
    2.010477294703267e+02
    2.519433776600854e+02
    2.070478515239901e+02
    1.721361372401725e+02
    2.689248225743864e+02
    2.260095123135707e+02
    1.597934321798738e+02
    1.630853284323211e+02
    1.668551317016014e+02
    1.851007067698094e+02
    2.080580669457200e+02
    1.657907596091968e+02
    1.888381950796710e+02
    2.058778954671337e+02
    2.489281632938349e+02
    2.668793204438305e+02
    2.175622621604779e+02
    2.106982035557840e+02
    1.327881704057401e+02
    1.480873683604483e+02
    2.437581360297796e+02
    2.152530252504326e+02
    1.934984278158666e+02
    1.708989157092802e+02
    1.685911972992571e+02
    2.592223387150125e+02
    1.903611761283042e+02
    2.066725039417477e+02
    1.900271138494622e+02
    1.729472008765379e+02
    1.911854655701188e+02
    1.763929598409555e+02
    1.970523848823350e+02
    1.574443566774087e+02
    1.966688619189929e+02
    1.529353954107876e+02
    1.902494573670114e+02
    2.281353747195777e+02
    2.163083248468618e+02
    2.292428062958660e+02
    2.415429551384904e+02
    2.834371379840678e+02
    2.581561816282891e+02
    1.671679384551013e+02
    1.114625153236003e+02
    2.116686561954165e+02
    2.280678484413917e+02
    2.686509358963411e+02
    2.368181083798535e+02
    2.010254313270045e+02
    2.352677682048454e+02
    2.139060107061971e+02
    1.893231909306547e+02
    1.412071876861594e+02
    1.798785774816466e+02
    1.683111831259924e+02
    1.605927984255510e+02
    2.199020911435855e+02
    2.490518671987940e+02
    1.679461777312196e+02
    1.872068487341585e+02
    2.310979392440970e+02
    1.985792879475321e+02
    1.652537539982700e+02
    2.376934064357982e+02
    2.487055543659426e+02
    2.160923057830331e+02
    2.153128001766009e+02
    1.786382805944140e+02
    2.430638386928848e+02
    1.673058978609157e+02
    1.681993776142514e+02
    1.832805209896861e+02
    1.600136714936161e+02
    1.684361278532884e+02
    2.050180573747230e+02
    2.587828019801032e+02
    1.595124899438281e+02
    1.504815176012897e+02
    1.868478940811991e+02
    1.735249232413872e+02
    1.902302291523716e+02
    2.183919083840101e+02
    2.062934156090529e+02
    1.817239215536426e+02
    2.076462397539899e+02
    1.937555586202342e+02
    2.998256207364761e+02
    2.712391523838369e+02
    2.060176881177597e+02
    1.516159815777814e+02
    1.832131302441411e+02
    2.012620666837171e+02
    1.615374257014361e+02
    2.114304818663578e+02
    2.470733210204725e+02
    2.214680868467809e+02
    2.536932735237815e+02
    1.552161191308187e+02
    1.383319653480766e+02
    1.816010505611342e+02
    1.751247344930511e+02
    2.170048291400633e+02
    2.060033297080764e+02
    2.003611040465762e+02
    1.562637782476168e+02
    2.087327237595832e+02
    2.584710937936967e+02
    1.983998837043862e+02
    1.872409202175754e+02
    2.863431558602281e+02
    2.101643108162932e+02
    1.754688869076659e+02
    2.098541613068994e+02
    1.506378548983076e+02
    1.569575166422322e+02
    2.600940210398079e+02
    1.411794854895874e+02
    1.479419020170849e+02
    1.545911178134929e+02
    2.353488466814548e+02
    2.566651553185557e+02
    2.357113895211859e+02
    1.847342346595161e+02
    2.038494085419569e+02
    2.062913202525175e+02
    1.835996481256126e+02
    1.795638779656326e+02
    1.588199938775153e+02
    2.233169541006663e+02
    1.839548387223135e+02
    1.971586045167646e+02
    2.115529056406626e+02
    2.380311898294161e+02
    2.671388636214198e+02
    2.001418218126173e+02
    1.934928638053208e+02
    2.371832989974985e+02
    1.818702764524591e+02
    2.437073279199149e+02
    2.035891435643839e+02
    1.771953788974082e+02
    1.542365096560434e+02
    1.972478533875886e+02
    1.917334524133707e+02
    1.540846281659992e+02
    2.367378396298187e+02
    1.992134923106852e+02
    1.499848338682375e+02
    1.882450757525152e+02
    1.980933863148675e+02
    1.526352047762407e+02
    1.585328628003430e+02
    2.084857964628702e+02
    1.679094056696243e+02
    1.820739239212162e+02
    1.565251963131772e+02
    2.263435124171724e+02
    1.952497500939404e+02
    1.320227856404478e+02
    1.998725912910692e+02
    2.190668532851208e+02
    1.866523139804690e+02
    1.843890467694428e+02
    1.754102418341864e+02
    2.219948062399794e+02
    1.627364286104972e+02
    1.290210916591673e+02
    2.313951862319550e+02
    2.339708619398368e+02
    2.079728832975223e+02
    1.639395963950778e+02
    2.318381587650242e+02
    2.381656766066027e+02
    2.146760137227341e+02
    2.599030061120055e+02
    2.107597278055357e+02
    2.080250490187700e+02
    2.002711813305729e+02
    2.299073963304448e+02
    2.010939538207896e+02
    2.522257735974904e+02
    2.191666770750999e+02
    2.284552073775535e+02
    2.334878692789920e+02
    1.694288111517039e+02
    2.477958915083138e+02
    2.222240885395991e+02
    1.546090830437629e+02
    1.466525180639235e+02
    1.857172736890283e+02
    2.180707009679776e+02
    1.732630922027448e+02
    1.781446437150998e+02
    1.896986108426648e+02
    3.024023861121344e+02
    2.378495624881350e+02
    2.218589611103579e+02
    2.308807715391862e+02
    1.884635676358926e+02
    1.559935273800647e+02
    1.956035307264398e+02
    1.844523502193368e+02
    2.245701101136945e+02
    1.991440681535107e+02
    1.538445871033338e+02
    1.602693406901733e+02
    2.194309793611302e+02
    1.924975078687987e+02
    2.266349766895883e+02
    1.594075090994221e+02
    1.331035507631123e+02
    1.331364917597961e+02
    1.391274849731224e+02
    1.777290103239028e+02
    1.913186499467730e+02
    1.762682760200522e+02
    2.259754590523613e+02
    1.579023493206063e+02
    2.314365337289536e+02
    1.958747776096340e+02
    2.409527059143693e+02
    1.896147756488091e+02
    1.736629771050048e+02
    2.162814237891587e+02
    2.233030199572283e+02
    2.468697150984121e+02
    2.537243171273110e+02
    1.803566194117576e+02
    1.817262164147184e+02
    1.598819552718777e+02
    2.335515785794706e+02
    1.760145930783028e+02
    2.038607902245394e+02
    1.462917029928752e+02
    2.298005907425096e+02
    1.962327764792974e+02
    2.543149967731296e+02
    2.334399141700521e+02
    2.065665545023285e+02
    2.352671398608294e+02
    2.598091346106713e+02
    1.724519337559519e+02
    2.334568158784742e+02
    1.858221115954649e+02
    1.904096047101029e+02
    1.869770670380689e+02
    2.415164495517536e+02
    1.866582629296562e+02
    2.153849151644522e+02
    1.864703520237890e+02
    1.652183176278265e+02
    1.146213228931811e+02
    1.702776236700538e+02
    2.158128899735550e+02
    1.810461784188601e+02
    2.102723076016025e+02
    3.095686941154850e+02
    1.660416574660172e+02
    2.406840724530895e+02
    1.768791259883608e+02
    1.887936319759240e+02
    2.110133061902735e+02
    2.080430773885422e+02
    1.344786421093607e+02
    1.802949462533553e+02
    1.961903611166474e+02
    2.103275133598498e+02
    1.871192250791194e+02
    2.557354396147088e+02
    1.615299593753406e+02
    1.490977633614830e+02
    2.310320904632641e+02
    1.857341092515588e+02
    9.868648358247128e+01
    1.715399843996863e+02
    1.937455776046858e+02
    1.221283574491565e+02
    1.103018721743399e+02
    1.498953975532049e+02
    1.944772726625348e+02
    1.310267392066078e+02
    1.718273864350238e+02
    1.822586928067824e+02
    2.515995580348260e+02
    2.360178217412084e+02
    1.693175463688914e+02
    2.086269560399717e+02
    2.029070068880986e+02
    1.759687167703271e+02
    1.454799833318873e+02
    2.264576685868587e+02
    2.194970707839792e+02
    1.838049283307873e+02
    1.611158177855901e+02
    1.970883761760246e+02
    2.085335985445533e+02
    2.186346518396061e+02
    1.863595834073880e+02
    1.515619167492764e+02
    1.968729318325944e+02
    1.710521259418147e+02
    1.586993544970829e+02
    1.582748965004907e+02
    1.956747206954640e+02
    2.121326376832661e+02
    2.282179949644848e+02
    2.079896313087136e+02
    1.934072578229160e+02
    1.761283283098385e+02
    2.287437998099983e+02
    1.917845178969390e+02
    1.819020263757636e+02
    2.333056262786204e+02
    1.222691539017251e+02
    1.433686459546129e+02
    2.429525070381646e+02
    2.187432052713473e+02
    2.506392468003776e+02
    2.229451757014238e+02
    1.936916237790649e+02
    1.546191240654821e+02
    1.973105963167018e+02
    1.945244249449195e+02
    2.378683423039979e+02
    2.835083534657531e+02
    2.003582338699789e+02
    2.049819428735668e+02
    1.949985665025008e+02
    2.537573222438743e+02
    1.822765279176883e+02
    1.867365663387682e+02
    1.961064957205053e+02
    1.866968405437672e+02
    1.902808250917167e+02
    1.386822604323083e+02
    2.215693751548656e+02
    2.940204505994200e+02
    2.415623039287732e+02
    1.769293929956200e+02
    1.672532377612981e+02
    2.612272432909265e+02
    1.941479792013979e+02
    2.323383858451075e+02
    2.351031760748049e+02
    2.261903794508999e+02
    2.462971572889842e+02
    2.010934681284004e+02
    1.775970754108323e+02
    1.443825997115050e+02
    1.858852805881827e+02
    1.698980342114749e+02
    2.221928964380675e+02
    2.744437443660206e+02
    2.569978476554525e+02
    2.421925296572931e+02
    2.419517306288583e+02
    2.329790945475224e+02
    1.962672254535266e+02
    2.141948498446061e+02
    1.732901805700556e+02
    1.213338781002153e+02
    1.942966814470492e+02
    2.298790282384209e+02
    3.135474016226601e+02
    1.384183820993871e+02
    1.671923380555461e+02
    1.592021476496461e+02
    2.191124535508368e+02
    1.550597862201084e+02
    1.587608919438367e+02
    2.039864618551485e+02
    1.725377725682347e+02
    1.343741305566971e+02
    2.329879888292783e+02
    1.904660273437923e+02
    1.761589801202763e+02
    2.351985720457219e+02
    2.649791616525408e+02
    2.139449203419179e+02
    1.288616083308818e+02
    1.681397905835615e+02
    2.131037684444925e+02
    1.779035196718291e+02
    1.827455729655753e+02
    1.633478599636305e+02
    1.924311609098106e+02
    1.695387593435703e+02
    1.952002300235654e+02
    1.984057510600928e+02
    2.294105273760169e+02
    2.880684229835731e+02
    2.827491872476128e+02
    2.039272614059746e+02
    1.922765029528512e+02
    2.264035210003385e+02
    2.164736759411903e+02
    2.743239255681738e+02
    2.293985072807357e+02
    2.325433177059006e+02
    1.836771553591063e+02
    1.672169518700639e+02
    2.427511417709707e+02
    2.806069899580723e+02
    2.245850870833260e+02
    1.479600126053629e+02
    1.651253519381441e+02
    2.270280063793120e+02
    1.667234407544663e+02
    2.131983577280585e+02
    1.624172449484900e+02
    1.965569197795128e+02
    2.029233647372052e+02
    1.525266776779370e+02
    2.731088518371712e+02
    2.372285064600749e+02
    2.285123160305318e+02
    2.309905549035250e+02
    2.213315603273361e+02
    1.713734507377865e+02
    1.725300775343396e+02
    2.794933839888938e+02
    2.687646646787414e+02
    2.205435376049411e+02
    1.968837986767846e+02
    1.422204660721661e+02
    2.333690350081645e+02
    2.185749090439174e+02
    1.774476712000342e+02
    2.326527322420691e+02
    1.593076074237365e+02
    1.738783414573049e+02
    2.052695176601799e+02
    2.659231103537797e+02
    2.361840538034119e+02
    2.008740443507247e+02
    1.951731829226389e+02
    1.884464185552633e+02
    1.722237524503100e+02
    1.734290692930642e+02
    1.666269030096453e+02
    2.408245473942463e+02
    2.612048412968659e+02
    2.058300077632555e+02
    1.581115680404184e+02
    1.697264058071357e+02
    1.694370711136821e+02
    1.917018721657109e+02
    2.227797324994549e+02
    2.472865415128979e+02
    2.134647006859620e+02
    1.742600852965222e+02
    2.061734588003276e+02
    1.770800791387023e+02
    2.404180012371876e+02
    2.863989188928679e+02
    2.022904462247925e+02
    2.260716696120232e+02
    2.083996602290756e+02
    2.123541727916415e+02
    2.825639832671402e+02
    1.863893542474932e+02
    1.864853973866320e+02
    1.825855382438908e+02
    1.737170612970840e+02
    1.868824493122668e+02
    2.012792690257584e+02
    2.316346187702050e+02
    2.044608440741513e+02
    1.778043582687678e+02
    1.810062057592370e+02
    1.796239017989467e+02
    1.509723644834150e+02
    2.077810907469518e+02
    2.340938170364916e+02
    2.639236691303540e+02
    2.406230743677497e+02
    1.421557863047769e+02
    2.132744519572327e+02
    2.459871789971453e+02
    2.448469330130342e+02
    2.266981949628246e+02
    2.194392267402077e+02
    2.044721297251158e+02
    2.062546055136181e+02
    2.126785201122618e+02
    1.705209664534050e+02
    2.110132144855299e+02
    1.842206027395275e+02
    2.489241623699672e+02
    2.145654264320933e+02
    1.692729801944904e+02
    1.629157353651192e+02
    1.613831472542711e+02
    1.874967857178513e+02
    1.888738794541177e+02
    2.489000134316348e+02
    1.788357142249617e+02
    2.200604923437095e+02
    1.975324725072994e+02
    2.407456353153236e+02
    1.993869198690481e+02
    2.133430429804855e+02
    1.675531708942526e+02
    1.612800585521984e+02
    1.765473056001315e+02
    1.975892786847521e+02
    1.501602164078508e+02
    1.405721377021757e+02
    2.128602949247716e+02
    1.170525851896434e+02
    1.591464649138629e+02
    1.433619239722998e+02
    2.104006290902328e+02
    1.753390464479105e+02
    1.894664626770918e+02
    2.253372732467074e+02
    1.612728059134054e+02
    1.585489043209202e+02
    1.854991330785276e+02
    1.899660568727541e+02
    1.958243883276555e+02
    2.106919390877454e+02
    2.169714120673120e+02
    2.305498264569042e+02
    1.724297338570193e+02
    1.990499833607851e+02
    2.090994750092250e+02
    2.307802643258776e+02
    2.301671322669779e+02
    1.691320906593285e+02
    1.734871154390669e+02
    1.491426246012225e+02
    2.220914536538407e+02
    1.825457642179924e+02
    2.385129999612457e+02
    2.571691880067567e+02
    2.594124490999877e+02
    1.990402617978646e+02
    1.886630876761797e+02
    2.760287808515443e+02
    2.622027522391295e+02
    1.873162837350117e+02
    1.970054064205408e+02
    1.533573359018055e+02
    1.588050118605770e+02
    2.234252235981921e+02
    2.523867729138692e+02
    1.933185329696505e+02
    2.150024668505807e+02
    2.201078225129049e+02
    1.982932523894658e+02
    2.195340120836147e+02
    2.065343532923225e+02
    1.851982781430661e+02
    2.249352124766324e+02
    1.883828494036516e+02
    2.167324801778148e+02
    2.519017779278659e+02
    2.026033563876547e+02
    2.007723934401952e+02
    1.588915854673303e+02
    1.861615034273609e+02
    2.355397994154725e+02
    1.999489495480555e+02
    2.033938813961470e+02
    1.765691627022602e+02
    2.058285886070644e+02
    2.035999045719109e+02
    1.752397029276074e+02
    2.060332600549850e+02
    1.741871233942379e+02
    1.735498458181200e+02
    1.595556030903708e+02
    1.698467164586009e+02
    2.447908680794330e+02
    2.219914783793956e+02
    2.240226562413659e+02
    2.483509539388297e+02
    2.324484557739925e+02
    2.051119185599964e+02
    2.153817128633284e+02
    2.854121290615331e+02
    2.566049390424337e+02
    1.803320040217568e+02
    1.793756377190971e+02
    2.441227816906473e+02
    2.198908388963173e+02
    2.285940812512092e+02
    2.383853891088154e+02
    1.916480533835477e+02
    1.849693891848892e+02
    1.929093027357351e+02
    2.133789273332707e+02
    2.092392403809026e+02
    1.892175628087966e+02
    1.872547319638591e+02
    2.484496378257518e+02
    2.195941181230398e+02
    2.151639732312719e+02
    1.640325999138645e+02
    1.935634051341594e+02
    1.757234782423802e+02
    1.976763279369254e+02
    1.642013239857829e+02
    1.680949150738275e+02
    1.743554566713067e+02
    2.145936456246250e+02
    1.777377424605640e+02
    2.262351920898789e+02
    2.187557793227268e+02
    1.529326588093534e+02
    2.072933173360389e+02
    1.590679495867607e+02
    1.745960377229596e+02
    1.554100795447380e+02
    1.325305175041217e+02
    1.617213949570214e+02
    1.582471320450600e+02
    2.295961802345698e+02
    2.465967777655442e+02
    1.146999992966369e+02
    2.096084042240386e+02
    2.506795902538988e+02
    2.206940568834705e+02
    2.080636854358022e+02
    1.921939878585545e+02
    1.612139286990350e+02
    1.795370765576365e+02
    2.203616735722562e+02
    2.337199989195403e+02
    1.833993026385099e+02
    1.544964132183622e+02
    1.986998932389213e+02
    1.870904965747559e+02
    2.064705746566710e+02
    2.107392706246651e+02
    2.766516116062269e+02
    2.200130617035200e+02
    2.613723453822763e+02
    1.437797826324595e+02
    1.909113125934834e+02
    1.943995117689963e+02
    1.607095038100624e+02
    1.324536218350818e+02
    1.851287135207815e+02
    1.343225446163638e+02
    1.569764020646312e+02
    1.651600869481706e+02
    1.988576415385478e+02
    1.509956878489129e+02
    1.984195199591363e+02
    1.693961086022534e+02
    2.749363288602444e+02
    2.848877128612241e+02
    2.294182827803115e+02
    2.249647017685720e+02
    2.265616863434070e+02
    2.229155841282727e+02
    2.464569621632984e+02
    2.313874542874350e+02
    1.689607512361192e+02
    1.881271958815944e+02
    1.869439942534268e+02
    1.631130930689176e+02
    9.931455302716017e+01
    1.402582803678490e+02
    1.831972873310394e+02
    2.393610462548202e+02
    2.236104299330759e+02
    1.676291088990797e+02
    1.529245965302641e+02
    1.759696197887740e+02
    2.332715182772461e+02
    2.317827679657046e+02
    2.121500486948389e+02
    2.469855121486739e+02
    1.846474670477346e+02
    1.773167127287013e+02
    2.484745562153603e+02
    2.344911051169925e+02
    2.766516017269078e+02
    2.310191632734620e+02
    2.159023149988411e+02
    1.718296611081348e+02
    1.972912043831479e+02
    1.689703518225292e+02
    1.965229206374909e+02
    2.681077701778815e+02
    1.934936562369967e+02
    1.760536376572463e+02
    2.309332474690984e+02
    1.819226286051628e+02
    1.786619848816804e+02
    1.913553323578219e+02
    2.155521686380280e+02
    1.917661562722958e+02
    1.680857350709664e+02
    2.408530263305943e+02
    2.304435261925323e+02
    2.439718788535811e+02
    3.045312897616600e+02
    1.899331482303069e+02
    2.428061742217642e+02
    2.319998168900463e+02
    1.809248274983293e+02
    1.565515954637226e+02
    1.850774186131753e+02
    2.379667447797192e+02
    2.051707743858071e+02
    1.993320328497441e+02
    2.124504280406586e+02
    2.091235674204097e+02
    2.045335539773976e+02
    1.688157257631201e+02
    2.439475131759878e+02
    2.617211603812643e+02
    1.463326897277841e+02
    1.291986431132796e+02
    1.335951322597487e+02
    1.381563073618838e+02
    1.930011701657872e+02
    2.608830150810729e+02
    2.285918857839692e+02
    1.919981573753580e+02
    1.701887701553551e+02
    1.845626681256397e+02
    2.129395637939092e+02
    1.648786246797158e+02
    1.935002419831471e+02
    1.928515517097526e+02
    2.421455082846489e+02
    2.450894782618445e+02
    2.040540702990461e+02
    2.467204192619897e+02
    2.141167651781586e+02
    1.362768552218688e+02
    1.699951190034903e+02
    2.093753163318911e+02
    2.762629762806023e+02
    2.548905954415090e+02
    1.942804844803618e+02
    2.618963354163225e+02
    1.910784689843831e+02
    1.604410385448978e+02
    1.396632995218226e+02
    2.268752638023284e+02
    1.921928168093723e+02
    2.101735465944671e+02
    2.056361788943468e+02
    2.335900901243008e+02
    2.212640577539082e+02
    2.644359470857376e+02
    2.281329072071401e+02
    2.003752087654050e+02
    1.540351574243243e+02
    1.525461720566591e+02
    1.616297916683072e+02
    2.096753274641935e+02
    1.815872346484775e+02
    2.314831189562153e+02
    1.995854271290591e+02
    1.473941609240592e+02
    2.358342619209634e+02
    1.819149321229554e+02
    1.817880137139582e+02
    1.984113165794111e+02
    2.021720092895498e+02
    1.739059369805159e+02
    2.100992164259412e+02
    2.290827282726889e+02
    1.768808004299319e+02
    9.330804746216131e+01
    1.335902974954683e+02
    1.493594037971263e+02
    2.196782633102259e+02
    1.989176543583028e+02
    2.111977341545264e+02
    2.314354096294528e+02
    1.865935974442414e+02
    1.606813050851076e+02
    1.670229543909545e+02
    1.937628057809002e+02
    2.226582364350497e+02
    1.811041334206141e+02
    1.680678334123365e+02
    2.508772805480214e+02
    1.689858484523870e+02
    1.649141863436523e+02
    2.487683178212319e+02
    2.233868586580002e+02
    2.262032901142584e+02
    1.808771619545803e+02
    1.323949990181541e+02
    1.639877073605567e+02
    1.975698040632733e+02
    2.263261486230601e+02
    2.614204113135781e+02
    2.110502294489834e+02
