    1.646829686514255e+02
    2.028883643040921e+02
    1.717815505470030e+02
    2.013654081998026e+02
    1.900973911880695e+02
    2.130707185930287e+02
    1.788202017902550e+02
    1.660565912146559e+02
    1.747084327791855e+02
    1.787247783758338e+02
    2.314999570177632e+02
    2.275129531671681e+02
    2.197281227060698e+02
    2.297985082061284e+02
    1.893362367013934e+02
    1.636939950579981e+02
    1.917055196069817e+02
    1.936235880903137e+02
    2.224167518623676e+02
    2.227767149506331e+02
    1.466039163490707e+02
    1.658062321126067e+02
    1.358089789823384e+02
    2.033487959592363e+02
    2.273762431561488e+02
    2.468946997320771e+02
    2.003946670215900e+02
    2.173748566586865e+02
    2.043095993345291e+02
    2.260957978441692e+02
    2.457137270558766e+02
    1.595027163896165e+02
    1.553671451609065e+02
    1.806428165689510e+02
    2.466160823517396e+02
    2.150748412612958e+02
    2.143968108348021e+02
    1.783602575091316e+02
    1.457173777126188e+02
    2.008872833946487e+02
    1.283310493155479e+02
    2.066216731748132e+02
    2.121304804083826e+02
    1.676740389901084e+02
    1.873869309689358e+02
    1.763356699254590e+02
    1.787447790483876e+02
    2.086191333642705e+02
    1.431032235133820e+02
    8.945959913102577e+01
    1.552123263478441e+02
    1.963081177065386e+02
    2.013329965363600e+02
    1.614161661328301e+02
    1.939629195067241e+02
    2.389497427296030e+02
    1.659777200764685e+02
    1.533847127573997e+02
    1.604865291169711e+02
    1.930506569352802e+02
    1.894874382694243e+02
    2.014073045052816e+02
    1.695946205884242e+02
    1.895300801530454e+02
    2.151164778035608e+02
    1.728723191219126e+02
    1.395637162383302e+02
    1.690764124511381e+02
    2.091215292776371e+02
    1.960014714666401e+02
    1.618697655230744e+02
    2.211990985427315e+02
    1.498961912416833e+02
    1.572104618016438e+02
    2.251787981353581e+02
    2.624943856223999e+02
    2.200242964341929e+02
    2.100299064755531e+02
    1.844379282105291e+02
    2.137999854939181e+02
    2.265148746613805e+02
    2.379153753826944e+02
    1.736530632923477e+02
    1.894942938193837e+02
    1.750177706058942e+02
    1.880216269148421e+02
    1.929401633607567e+02
    2.140657987062235e+02
    1.839390194002539e+02
    1.748322252939106e+02
    1.647934923689257e+02
    1.553652187612484e+02
    1.912485900366447e+02
    1.974394716324328e+02
    2.232816303887689e+02
    2.093346016994050e+02
    1.725360353917000e+02
    2.277753139528254e+02
    2.122622686988683e+02
    2.277184601463452e+02
    1.920644732749010e+02
    1.908846781420488e+02
    1.928388037311970e+02
    2.181242688532826e+02
    1.989585403605648e+02
    1.917964938800051e+02
    2.351268255327180e+02
    1.794082977742623e+02
    2.501875308750944e+02
    1.796025857291438e+02
    2.302636267699623e+02
    2.755081168581914e+02
    2.342388337360914e+02
    2.465937513661544e+02
    1.492525545441983e+02
    2.040355421024854e+02
    1.799386581767037e+02
    1.783265244186236e+02
    1.867398223769277e+02
    2.214199240623748e+02
    1.835909721422000e+02
    2.053636296937918e+02
    2.128785014089975e+02
    1.778274658596375e+02
    1.702907308153672e+02
    2.641267749123865e+02
    1.872520842966351e+02
    2.264005242074759e+02
    2.141884044772182e+02
    2.332716884022565e+02
    1.561232877714707e+02
    1.350281611549809e+02
    1.299477705865309e+02
    1.691225967274363e+02
    1.766197073985097e+02
    1.992577973156378e+02
    2.785789233410802e+02
    2.462822814935421e+02
    1.823800929431525e+02
    1.686721251499890e+02
    2.352685698226290e+02
    1.970898022733422e+02
    1.811315716130872e+02
    1.764433688623299e+02
    1.988752449803221e+02
    2.197970096374371e+02
    1.831542971441189e+02
    2.630306687380130e+02
    1.850468121374195e+02
    1.671653034965090e+02
    1.290955925053470e+02
    2.170141624078721e+02
    2.388365070336715e+02
    2.130709879728300e+02
    1.875925926642640e+02
    2.361527810286208e+02
    1.975645789941584e+02
    2.425367005145819e+02
    2.269584991395109e+02
    2.110760371732835e+02
    1.929178168330506e+02
    2.099022115609480e+02
    2.380491802715324e+02
    2.189144677403345e+02
    1.893591709380976e+02
    1.782216039491104e+02
    2.167840013403449e+02
    1.868515915788660e+02
    1.716434583605766e+02
    2.229280808843811e+02
    1.655049215221990e+02
    1.917090614621685e+02
    1.942334887452571e+02
    2.624493531296383e+02
    2.098483397935459e+02
    1.948326710684040e+02
    1.664379078420515e+02
    2.232154112218177e+02
    2.054980405818623e+02
    1.843889809653965e+02
    1.145077892800677e+02
    2.419766595826184e+02
    1.948183247540777e+02
    2.040862493031341e+02
    1.311913127872498e+02
    1.123670332584825e+02
    1.944625218704141e+02
    2.565510556620919e+02
    1.936766388665981e+02
    2.415766014036876e+02
    2.117807955391052e+02
    2.307520941482690e+02
    2.163838589163478e+02
    2.072162962978339e+02
    2.123633541008215e+02
    2.913791311805690e+02
    1.727333982440186e+02
    2.306917174935600e+02
    2.277338781924348e+02
    2.244244518014980e+02
    1.906817155693801e+02
    1.524708858962458e+02
    2.167979970830203e+02
    2.036840485996942e+02
    1.950333477219490e+02
    2.345283508525071e+02
    2.505314982939316e+02
    2.301737801484899e+02
    2.320691065793821e+02
    2.107791435763565e+02
    2.026812145012434e+02
    2.236485014113578e+02
    1.689634378678787e+02
    1.855461732182866e+02
    1.978916505706113e+02
    2.855517622344004e+02
    2.752085698397667e+02
    1.700852324596980e+02
    1.326098609546654e+02
    1.929905149454640e+02
    2.119946793441483e+02
    1.445482043913481e+02
    1.835167961212778e+02
    2.277192916427063e+02
    1.892256107441113e+02
    1.706761914056381e+02
    2.320364157077012e+02
    2.124846789546177e+02
    2.269175881185026e+02
    2.285969930053670e+02
    2.253071093952843e+02
    2.435192478008383e+02
    2.010647856104490e+02
    1.713938859180121e+02
    1.445198114831234e+02
    2.363633148837829e+02
    2.405525303765884e+02
    2.252884494084051e+02
    2.161441042453512e+02
    1.692233908937757e+02
    1.628738745612881e+02
    1.752808782001617e+02
    2.477145118179286e+02
    2.291083244722316e+02
    2.284957339649094e+02
    2.231398635419589e+02
    2.484484754762784e+02
    2.506673277127587e+02
    2.312064198251250e+02
    1.869919770753572e+02
    2.458338953425596e+02
    1.615526334346410e+02
    1.833166356397822e+02
    1.589124136545607e+02
    1.982337437934018e+02
    2.545264576009319e+02
    1.668087152503040e+02
    1.995702403259850e+02
    2.433264615445728e+02
    1.831756947088553e+02
    1.708618898196374e+02
    1.610309002376840e+02
    2.083808076672892e+02
    1.868772779455014e+02
    1.933249028334706e+02
    2.276758402362623e+02
    2.448084615531582e+02
    1.779004309943963e+02
    1.820153416195825e+02
    1.641324886836833e+02
    2.124857372635557e+02
    2.238317212282874e+02
    1.719673498521172e+02
    2.002653695109558e+02
    1.903546915699263e+02
    2.340820908664710e+02
    1.339086983281447e+02
    1.923732178619338e+02
    2.052258513690396e+02
    1.719619842436140e+02
    1.600250684495728e+02
    1.743866447501807e+02
    2.039938751708047e+02
    1.992588857594865e+02
    1.796480884276133e+02
    2.214154353924698e+02
    2.429471031324726e+02
    1.994860691188347e+02
    1.937763758286263e+02
    2.220069095347543e+02
    2.035864833955628e+02
    1.971081703189736e+02
    1.343906382064932e+02
    1.631215603677623e+02
    2.155183645122759e+02
    1.905619960440015e+02
    2.080177950860008e+02
    2.826040526147852e+02
    2.290761078266490e+02
    2.017612306528213e+02
    2.549399717325269e+02
    2.317225377724372e+02
    2.271368508522187e+02
    1.619433816581943e+02
    1.611155454797927e+02
    2.545081060535887e+02
    2.219600452103049e+02
    1.322805399486856e+02
    1.982623454047206e+02
    1.420497189358059e+02
    1.922689613727408e+02
    2.241322039471504e+02
    2.055695473571461e+02
    1.892159671530800e+02
    1.591405966602406e+02
    1.612738489065333e+02
    1.862265299278505e+02
    2.231591663209241e+02
    2.093707205544320e+02
    1.535544614161796e+02
    1.708818913685877e+02
    2.264577536820491e+02
    2.821485223490077e+02
    2.070935136167918e+02
    1.975668134843062e+02
    1.837996061663455e+02
    2.213381185056210e+02
    2.065062570964631e+02
    1.592232191834779e+02
    1.993767188898812e+02
    2.018663529060592e+02
    2.482521975579203e+02
    2.388642462935314e+02
    2.182896239627354e+02
    2.025505705603126e+02
    2.697857656588161e+02
    2.468271743563855e+02
    2.555001334486582e+02
    2.670525657356615e+02
    2.234319156221113e+02
    2.390547706278846e+02
    2.229822684542171e+02
    1.679482326685724e+02
    2.379602484710034e+02
    1.630862340172109e+02
    2.117554199035078e+02
    2.598044628039139e+02
    2.254575954443516e+02
    1.703892371234315e+02
    2.068990237604254e+02
    1.970710624434798e+02
    2.184486888161371e+02
    1.819830257428964e+02
    2.085759768686091e+02
    2.616171875929399e+02
    2.327231968449922e+02
    2.129873073471299e+02
    1.925809678993664e+02
    2.471177834564332e+02
    2.266588635082530e+02
    1.882490216016629e+02
    2.394185406150052e+02
    2.043863445304839e+02
    2.124354849329006e+02
    2.023734901426997e+02
    2.540008403185732e+02
    2.322571338135663e+02
    1.836175283172480e+02
    2.127918246584267e+02
    2.012619186792273e+02
    2.217200836285730e+02
    1.906635695023374e+02
    2.586574555668966e+02
    2.322264270876371e+02
    2.175730451424658e+02
    1.700294518627697e+02
    1.879436245635355e+02
    1.598391633505304e+02
    1.989955830539537e+02
    1.940391077534844e+02
    1.546356015683597e+02
    1.554222883062403e+02
    1.857803715726652e+02
    1.744538072290788e+02
    1.725963745331615e+02
    1.409146039945301e+02
    2.232745103837027e+02
    2.415678027466015e+02
    2.401521820479735e+02
    2.057529331707826e+02
    2.003016202818196e+02
    1.266412226031730e+02
    1.784903398970323e+02
    2.140232811678948e+02
    2.225162013483811e+02
    1.758853908679936e+02
    1.960568587299082e+02
    2.503150352382499e+02
    1.928946395027657e+02
    1.990404258544072e+02
    2.008736022547851e+02
    1.868732763726121e+02
    1.896793698932498e+02
    1.411740957377782e+02
    1.955990502623587e+02
    1.988594355282629e+02
    2.627371068179224e+02
    2.294170390796927e+02
    1.906729703816615e+02
    2.129336186376025e+02
    1.754969457259875e+02
    1.738771119877089e+02
    1.904230609995227e+02
    2.223596196760275e+02
    1.745321931843449e+02
    2.170326672149929e+02
    1.594925065931238e+02
    2.115505885187878e+02
    1.348587921378009e+02
    1.769808106054438e+02
    1.356373736151266e+02
    2.284577072277733e+02
    1.773823333910684e+02
    1.714649794516981e+02
    1.822765672297834e+02
    2.301811617057217e+02
    2.279520643895057e+02
    2.044941073863538e+02
    1.824008703681505e+02
    2.083552978593889e+02
    1.730763356303112e+02
    2.170086257282532e+02
    2.830975656143136e+02
    1.911301649362974e+02
    2.248640324953288e+02
    1.903639359030905e+02
    2.268411489179294e+02
    1.794411934294874e+02
    2.261720662476671e+02
    1.734309153969684e+02
    2.274192739596623e+02
    2.319046946982610e+02
    1.690536176691535e+02
    1.002532100377994e+02
    9.045934327879650e+01
    1.292783549332898e+02
    1.991554143166070e+02
    1.716269671028283e+02
    1.682103523969266e+02
    2.159626832235250e+02
    2.046721222339238e+02
    1.774809266341958e+02
    2.034089829765162e+02
    1.759431682152371e+02
    1.674079640877545e+02
    1.737074656580376e+02
    1.331858767747957e+02
    1.993996800293047e+02
    2.431455527996144e+02
    2.232197074881509e+02
    1.618153429861150e+02
    1.389963812698846e+02
    2.349293925217563e+02
    2.383881039513909e+02
    1.671918406339154e+02
    1.738054246793070e+02
    1.607145244001737e+02
    1.786554034734189e+02
    2.278092414700268e+02
    1.126841480333792e+02
    1.537042356390407e+02
    2.255458783460546e+02
    2.604947728144924e+02
    1.751890415158442e+02
    1.372395243381948e+02
    1.640565702307060e+02
    1.422496943716402e+02
    1.861643002392009e+02
    1.928309905881110e+02
    2.319807173229299e+02
    2.280351965949109e+02
    2.019943099841953e+02
    2.282164751638089e+02
    2.675226825922675e+02
    2.232164759878407e+02
    1.755309081699158e+02
    1.663712254363259e+02
    2.141780691838665e+02
    2.204174708158678e+02
    1.640147900740840e+02
    2.111755071965632e+02
    2.579420704093087e+02
    1.930608001343433e+02
    1.843458762526990e+02
    2.705144976834680e+02
    2.005000029825510e+02
    2.933998683579586e+02
    2.184656906954797e+02
    1.630480445658651e+02
    1.696853085129885e+02
    2.368896003309709e+02
    2.177206518829644e+02
    2.774048531906186e+02
    2.431349349385147e+02
    1.839978210775132e+02
    8.879508196640757e+01
    1.816411836263813e+02
    1.854442921626077e+02
    1.644351499169750e+02
    1.382353458827993e+02
    1.996712343075416e+02
    1.970988044521170e+02
    3.237212765603908e+02
    1.883577767355177e+02
    1.781672637792610e+02
    1.955009762531722e+02
    2.223896320261122e+02
    2.512690776010641e+02
    2.201390259440404e+02
    2.071614097050974e+02
    2.243932247933662e+02
    2.043604695611111e+02
    1.484735314336183e+02
    1.860266564599681e+02
    2.404336046331093e+02
    1.621064938500638e+02
    1.768529890170350e+02
    2.085486385778563e+02
    1.832263765146070e+02
    2.571353552754624e+02
    2.181694426425895e+02
    2.331756435974557e+02
    2.273718038625475e+02
    1.585940345827487e+02
    1.074199553955157e+02
    2.072141159500927e+02
    1.587635740589940e+02
    1.248558604198968e+02
    1.711876398346192e+02
    2.444693587260451e+02
    1.797853821476008e+02
    2.090374881064065e+02
    2.730364373423402e+02
    2.690626143307236e+02
    1.701585973891167e+02
    1.310422834193298e+02
    2.184456035022720e+02
    2.151716280269511e+02
    2.045324162435259e+02
    2.198425639366928e+02
    1.853054477440139e+02
    1.607679204983936e+02
    2.640908412345118e+02
    1.735233499003198e+02
    1.911886423397311e+02
    1.679610364500320e+02
    2.037331887510322e+02
    2.139260998366285e+02
    1.784266811087502e+02
    2.040992240629748e+02
    2.383093475471992e+02
    2.034593248119040e+02
    1.739375229879249e+02
    1.251508011022690e+02
    2.010485185939604e+02
    2.141134586924443e+02
    2.105421303976743e+02
    1.625587408145475e+02
    1.823272909020727e+02
    1.761001453227595e+02
    1.734271329531282e+02
    1.274859283183594e+02
    1.795385708274716e+02
    2.239654699379957e+02
    1.471313043923135e+02
    1.474911843545635e+02
    1.708323980269859e+02
    1.839558034909544e+02
    2.077652859595617e+02
    2.120736437833159e+02
    1.652845900156626e+02
    2.129604485882851e+02
    2.042700976504238e+02
    2.098405531806975e+02
    2.006519017028745e+02
    2.323261757815351e+02
    1.845623354611723e+02
    1.808553470083302e+02
    2.380812597387796e+02
    2.428586159019528e+02
    1.711800267608874e+02
    1.588612525038616e+02
    2.312962548094049e+02
    2.150377701879052e+02
    2.151045667562721e+02
    9.432256624471052e+01
    1.475245358761549e+02
    1.720060334909408e+02
    1.687577653588176e+02
    1.885880642174959e+02
    2.024610776715349e+02
    1.544847903069808e+02
    2.531040043167809e+02
    2.452985541960015e+02
    2.052753902495283e+02
    1.949741220292844e+02
    1.609450088335302e+02
    1.163255778584505e+02
    1.623893822153582e+02
    2.171258756799125e+02
    2.234261097847286e+02
    2.058139360692667e+02
    2.273026155910986e+02
    1.818114360127265e+02
    2.306585435156387e+02
    2.032793898488183e+02
    1.969580513583617e+02
    1.513804619214875e+02
    1.950172320488525e+02
    2.531480601748922e+02
    1.874532904440298e+02
    1.948983180310893e+02
    1.988235052375535e+02
    2.670124649054287e+02
    3.021716251450528e+02
    2.200022460673802e+02
    2.320983532426374e+02
    2.296599592347582e+02
    2.732662197956802e+02
    2.132432950037912e+02
    2.207363558154952e+02
    2.113163717693919e+02
    2.154276886510081e+02
    1.449994772339778e+02
    1.685889531407747e+02
    1.785898963556838e+02
    2.076135577922935e+02
    2.094722607480981e+02
    1.140533720923531e+02
    2.326411437770776e+02
    2.579820117711142e+02
    2.157622575746348e+02
    2.428457331707818e+02
    1.535008798998842e+02
    1.828888247443479e+02
    1.951619124386013e+02
    1.994542930660748e+02
    1.838722878598332e+02
    1.923005046016726e+02
    2.139446461747343e+02
    2.007016488001716e+02
    2.180175180520712e+02
    1.943820452943464e+02
    1.644918485128835e+02
    1.799277643072344e+02
    1.514001438198909e+02
    1.485478999195425e+02
    1.642859610887831e+02
    1.983599385763023e+02
    2.074032708152401e+02
    1.682016704157968e+02
    2.032918273808718e+02
    1.645483285745377e+02
    1.306274255159542e+02
    1.616607668675988e+02
    1.957085237853744e+02
    1.439660604658638e+02
    1.824946543943076e+02
    2.180436091732679e+02
    1.759995228966920e+02
    2.183576953885620e+02
    2.155536425031926e+02
    2.546070019262527e+02
    2.171310848848475e+02
    1.929970335455869e+02
    1.617282440948452e+02
    1.767005699302342e+02
    1.813342649995582e+02
    2.491152815119597e+02
    1.852778882063353e+02
    2.078823789591570e+02
    2.084131550825384e+02
    2.211938313443136e+02
    2.416995985040933e+02
    2.287083780084288e+02
    1.625945883809743e+02
    2.281858981314087e+02
    1.278734009124400e+02
    1.463961980917361e+02
    1.586578926264724e+02
    1.841824323342257e+02
    1.849036946201443e+02
    1.067962378585867e+02
    2.064935693924019e+02
    1.810872853050648e+02
    2.572340929964662e+02
    1.457850193755201e+02
    1.918103869434776e+02
    2.192973640818855e+02
    2.252058658614362e+02
    2.081757227140110e+02
    2.210569489461125e+02
    2.270300456313987e+02
    3.156253245818687e+02
    2.035402465502796e+02
    2.252940854124427e+02
    2.133395171277368e+02
    2.848309617654809e+02
    1.950769291034408e+02
    2.168683342828888e+02
    2.608724113570963e+02
    1.890863204207005e+02
    2.343177063916198e+02
    1.943778897338143e+02
    2.167575381091126e+02
    2.376800329107834e+02
    2.164246806691494e+02
    1.899451140742656e+02
    2.245902475677110e+02
    1.847438478677498e+02
    1.636316337714914e+02
    2.058588386504368e+02
    2.168768433366552e+02
    2.054520701176102e+02
    1.443855449280534e+02
    1.762134651303847e+02
    1.733730898009594e+02
    2.144004352547393e+02
    2.231856554454544e+02
    2.400960103634884e+02
    2.429652954966377e+02
    1.461900086945877e+02
    2.126806987093380e+02
    2.359110025224891e+02
    2.161944837776400e+02
    1.929047965693780e+02
    2.134735228278282e+02
    2.168447373558217e+02
    2.121363332904969e+02
    2.251140408326353e+02
    1.869941989689596e+02
    1.720174552181118e+02
    1.842308684041745e+02
    2.104905809069874e+02
    1.902034880309702e+02
    2.078164273138725e+02
    2.157328554936225e+02
    1.903194262861814e+02
    3.063980726254658e+02
    1.635883429017815e+02
    2.398709791783835e+02
    1.779950420365049e+02
    2.321980846292149e+02
    2.033692965882756e+02
    1.463046613496647e+02
    2.048291724102285e+02
    1.861293845476382e+02
    1.682781695257529e+02
    1.425897610408117e+02
    1.626657534239962e+02
    1.384818285263339e+02
    1.331311163760381e+02
    1.646877289577196e+02
    1.809568047961272e+02
    2.654739330949360e+02
    2.411408904772600e+02
    1.832632334432196e+02
    1.733847711215128e+02
    1.712871399031008e+02
    1.924752258296724e+02
    2.431483848283915e+02
    2.405501853955286e+02
    2.261004396342662e+02
    2.147784277354481e+02
    2.108551742822806e+02
    1.754514306735666e+02
    1.981516512535120e+02
    2.352947420480029e+02
    1.889489527553724e+02
    1.537138685451350e+02
    1.441368704382649e+02
    1.777252232510227e+02
    2.236783775960362e+02
    2.702013916022429e+02
    1.716131065263880e+02
    1.517426106334506e+02
    1.998562512353817e+02
    1.587394585691038e+02
    2.282776958731768e+02
    2.953347248546049e+02
    2.557189845898472e+02
    1.710575858859283e+02
    1.849242306996211e+02
    2.254903616963963e+02
    1.760117072251307e+02
    2.200370933031058e+02
    2.053948381898579e+02
    2.384576703151026e+02
    1.965068789681993e+02
    1.601658104143871e+02
    2.195230021049326e+02
    2.768262850984024e+02
    2.013393570175742e+02
    2.218573244814093e+02
    1.939613523762398e+02
    2.101471701583819e+02
    1.797257002914023e+02
    2.470800115806389e+02
    1.705048930042494e+02
    1.406555342534261e+02
    2.152323197593932e+02
    2.005517450762636e+02
    1.953953018431196e+02
    2.265277936119821e+02
    2.056423478842282e+02
    1.881634768585911e+02
    2.276094096502675e+02
    2.184873845393827e+02
    2.264877414678210e+02
    1.897899246438192e+02
    2.758739536441283e+02
    2.302994050581981e+02
    2.416448455029354e+02
    2.578613418219675e+02
    2.095336159924261e+02
    1.550982961216869e+02
    1.692860420354179e+02
    2.253299372694926e+02
    2.004909937425282e+02
    1.781126202027122e+02
    2.035961885855011e+02
    2.051053168649014e+02
    1.650958148774237e+02
    1.698991044339630e+02
    2.588845611258887e+02
    2.247612973746061e+02
    1.626521104154835e+02
    1.809565875494241e+02
    1.720083926055474e+02
    1.823640538702762e+02
    2.326380806967404e+02
    2.120337512015783e+02
    1.858289963485345e+02
    1.673240934991577e+02
    1.927028202130407e+02
    2.342091837853025e+02
    2.189450478646972e+02
    1.719506591799222e+02
    1.789206901620457e+02
    1.399610459513974e+02
    1.629843961376628e+02
    2.521529881587583e+02
    2.253447077313990e+02
    1.789257942176243e+02
    2.130231775083962e+02
    2.332168948512810e+02
    2.181011774724777e+02
    1.662612462336494e+02
    1.903477935888907e+02
    1.466539350461869e+02
    1.182747929188383e+02
    1.562071953717430e+02
    2.334951505247773e+02
    2.399383453139626e+02
    1.364057981925009e+02
    1.494583168689144e+02
    1.850804564382690e+02
    1.678546653384751e+02
    2.452039000829552e+02
    2.288947536406840e+02
    2.051995964813375e+02
    1.748029693748947e+02
    2.327007937525741e+02
    1.328714352787699e+02
    2.181198071037204e+02
    2.175292751450695e+02
    1.903174647173523e+02
    1.804355788054704e+02
    1.977584347060429e+02
    2.390608182286201e+02
    2.686094200917159e+02
    2.039000463170851e+02
    2.220110153632061e+02
    2.020059045218761e+02
    2.366166252711594e+02
    2.092217569458660e+02
    1.871443072408397e+02
    1.808732988418001e+02
    1.904786426559281e+02
    2.012445227674073e+02
    2.389419526912957e+02
    2.354297682782055e+02
    1.712531437834389e+02
    1.920757063750750e+02
    1.581595757962339e+02
    2.133239447767073e+02
    2.249087197177630e+02
    2.475498762227630e+02
    2.710865819315677e+02
    2.672505674388344e+02
    1.729281576815640e+02
    1.979272143722733e+02
    1.710949428809420e+02
    1.854652027519990e+02
    2.355096569878651e+02
    1.216835804399773e+02
    2.349258858627206e+02
    2.226064448959630e+02
    1.566896893567093e+02
    1.971231612884310e+02
    2.205159914402441e+02
    2.365317705929624e+02
    2.035593650767976e+02
    1.718909499891583e+02
    1.460003641348055e+02
    2.460437250628502e+02
    1.845628159169223e+02
    1.439151030990627e+02
    1.864766646346641e+02
    1.186949989483742e+02
    2.490370444461473e+02
    2.867221720831958e+02
    2.542428545827954e+02
    2.133978534460243e+02
    1.979717433868984e+02
    2.239090308475909e+02
    2.232523004658970e+02
    1.738490718831486e+02
    2.231902212457589e+02
    1.513733479304256e+02
    1.494876433249794e+02
    2.091324232361444e+02
    1.784807787447562e+02
    1.434807609047937e+02
    2.115200247512178e+02
    2.473470996505114e+02
    3.525044188739025e+02
    1.901238804000070e+02
    1.753821115021617e+02
    1.423959316711444e+02
    1.922357753655467e+02
    1.886117960398872e+02
    1.916994576790637e+02
    2.080874527729873e+02
    2.198487032094499e+02
    1.449879659804662e+02
    1.836847225791985e+02
    2.608047825355902e+02
    1.994197643276470e+02
    1.481960629690116e+02
    1.903961481348620e+02
    1.993737471526094e+02
    2.179441961978182e+02
    1.650169835687257e+02
    2.139547240027491e+02
    2.521476621775957e+02
    1.916856595886327e+02
    2.328022474357181e+02
    1.745846387031429e+02
    1.798625091467909e+02
    1.881952164317204e+02
    1.967176706805787e+02
    1.373034720330327e+02
    2.010877195537500e+02
    2.772092164567675e+02
    2.392919091385431e+02
    2.109695861641524e+02
    2.102758738848991e+02
    1.784403649671174e+02
    2.209577845201704e+02
    2.890313151189036e+02
    2.738794838481010e+02
    2.212975669252467e+02
    2.175066940981719e+02
    2.713751578657559e+02
    1.778703375349949e+02
    1.631901328373181e+02
    1.999062436166162e+02
    2.025842796116638e+02
    1.820174444286954e+02
    1.465260799743589e+02
    1.739698065831794e+02
    1.895872477824173e+02
    1.823732478302554e+02
    1.415191924683359e+02
    1.644530488234034e+02
    1.834649769949885e+02
    1.490355377738149e+02
    2.897687769573633e+02
    2.471441521410918e+02
    1.642330896108615e+02
    2.022540103944641e+02
    1.943962788048736e+02
    2.461475269964888e+02
    2.409455842272791e+02
    2.271444839221749e+02
    2.133972953174509e+02
    2.338078178528156e+02
    2.676317532720077e+02
    2.877863824746919e+02
