    1.989904722611828e+02
    2.763026968792732e+02
    1.761415946879762e+02
    1.577011933467294e+02
    1.711270783791473e+02
    1.554746433523529e+02
    1.925380071650126e+02
    2.149263734985822e+02
    2.233270178039816e+02
    1.640121450784677e+02
    2.096429165187159e+02
    2.073726351783016e+02
    1.807413956485509e+02
    1.447255890178886e+02
    1.873298679686611e+02
    2.075571675772243e+02
    2.342696630002208e+02
    1.712438903330049e+02
    2.174420626542638e+02
    1.861093742884938e+02
    1.463738107771124e+02
    1.521750962133546e+02
    9.465176746176508e+01
    1.288347845055975e+02
    1.843137701848138e+02
    2.732566980133145e+02
    2.139024508965657e+02
    1.900739405193502e+02
    1.898320512111443e+02
    2.055605273259894e+02
    2.429501311162718e+02
    2.627650552463084e+02
    1.951377553329411e+02
    2.408407385909322e+02
    1.996989990734101e+02
    1.898948227922975e+02
    1.758938715765855e+02
    1.685696791450564e+02
    1.477521057484940e+02
    1.637044930816627e+02
    1.773115272899408e+02
    1.773307906951928e+02
    1.727560976684619e+02
    1.192555099674521e+02
    1.627232084113921e+02
    2.117680191474615e+02
    2.695652098086095e+02
    2.532904033638690e+02
    1.912701394700405e+02
    1.815832690674893e+02
    1.662515880697732e+02
    2.172991462947891e+02
    2.087071783484188e+02
    1.656488577391559e+02
    2.440667287112472e+02
    2.279610296798443e+02
    2.017850344700368e+02
    2.332152509650493e+02
    1.963998334673266e+02
    1.794734192130857e+02
    1.627105471198323e+02
    1.319811006065576e+02
    1.328116388628924e+02
    1.970328748319043e+02
    1.860418023734095e+02
    2.136079331573042e+02
    1.994970238029859e+02
    1.759179792036964e+02
    2.190069267311414e+02
    1.922871807483320e+02
    2.468542640264914e+02
    2.304295535106745e+02
    2.149638960762070e+02
    2.223532295811732e+02
    2.041207326980712e+02
    2.361088931450107e+02
    1.781931904011316e+02
    1.642403054917808e+02
    1.505461070481061e+02
    1.596018953960578e+02
    1.846079242957971e+02
    1.923018634740500e+02
    2.604119609294900e+02
    1.728152496137508e+02
    1.926146077674723e+02
    1.331933918859959e+02
    1.595353308426432e+02
    1.856607292303133e+02
    1.509276401991718e+02
    2.015902186577561e+02
    1.615098673175517e+02
    2.376863850890726e+02
    1.862453080457520e+02
    2.018927768999953e+02
    1.895392481695802e+02
    2.309636109587576e+02
    2.263926468110384e+02
    2.097953465409280e+02
    1.939201469220491e+02
    2.285157048310312e+02
    1.785519576839286e+02
    1.936649350955297e+02
    2.229800910036322e+02
    1.916963439019992e+02
    1.892428914283934e+02
    1.814515496690619e+02
    2.402296037791777e+02
    1.728111822540460e+02
    2.225562796896625e+02
    2.313187681448584e+02
    2.228011066293894e+02
    1.678350546898044e+02
    1.316810896216543e+02
    1.545024365902621e+02
    1.265731772183094e+02
    1.835796984513821e+02
    1.596665819777195e+02
    2.236286585392664e+02
    2.769260589560382e+02
    2.025696908030518e+02
    2.373539847586919e+02
    2.330604350824377e+02
    2.336416258246489e+02
    2.576633091897213e+02
    2.422974875902707e+02
    1.741352845469200e+02
    2.170819548886814e+02
    2.328155951771610e+02
    1.851606993275770e+02
    1.858981371250391e+02
    2.395769922088911e+02
    1.792589078084868e+02
    2.087212817009774e+02
    2.067014845126781e+02
    2.703743528595453e+02
    2.173566409872996e+02
    1.669493808648608e+02
    1.938405961553093e+02
    1.989065308369734e+02
    2.383454531900827e+02
    1.343964392857953e+02
    2.353776300018052e+02
    1.615944659648844e+02
    2.398633045466016e+02
    1.394088182154385e+02
    1.954913375639828e+02
    1.965414657557602e+02
    2.101409944909909e+02
    2.081357363575307e+02
    1.735907964489559e+02
    1.128243249175560e+02
    2.094598936744339e+02
    2.751474908847544e+02
    1.897666150639353e+02
    3.045988116441157e+02
    2.758311490832403e+02
    3.109274102007490e+02
    2.106465745348254e+02
    2.469046066165637e+02
    2.202803165008069e+02
    1.627004186839918e+02
    1.390036583168703e+02
    1.565545709006500e+02
    1.730187056796157e+02
    1.738660662951091e+02
    2.341198309242256e+02
    2.692485755889734e+02
    1.243956814795976e+02
    1.833340813782382e+02
    2.538600514874321e+02
    2.266055319506410e+02
    2.426491385849320e+02
    1.734618281721635e+02
    2.674151714436189e+02
    2.048368925192909e+02
    1.741622856970329e+02
    2.636530498876644e+02
    2.048597424584807e+02
    2.360973666511131e+02
    1.749230423843596e+02
    2.042086200777763e+02
    1.667538820814548e+02
    1.928332572064693e+02
    1.559703585242590e+02
    2.050884376529481e+02
    2.869694697422423e+02
    1.775166531935599e+02
    1.675977864831677e+02
    2.154139670074636e+02
    1.916096544255944e+02
    1.961659571569001e+02
    1.305324769338193e+02
    1.992560099136850e+02
    2.047009352971287e+02
    1.706872374408607e+02
    2.275187894495252e+02
    2.332933065121694e+02
    1.738129395079196e+02
    2.123197538560876e+02
    1.571988165724835e+02
    2.340841676717247e+02
    2.374738934516034e+02
    2.195730868157665e+02
    3.573364316727009e+02
    2.583536956594583e+02
    2.868684782402667e+02
    2.147237766059760e+02
    1.605333559253128e+02
    1.589624507790526e+02
    2.571944214406591e+02
    1.905308347204004e+02
    1.535268046832942e+02
    1.824240880764052e+02
    2.144283695951881e+02
    2.538437970659558e+02
    1.707224438680925e+02
    1.504428297620234e+02
    2.041362754977135e+02
    2.774984150752974e+02
    2.154702818565622e+02
    1.787313194787100e+02
    1.855485868258259e+02
    1.479935788744379e+02
    2.134723742058827e+02
    2.543518241801266e+02
    2.684428418346192e+02
    2.400453628131294e+02
    2.496925550391484e+02
    2.184726193559550e+02
    1.908072900865733e+02
    1.541934211631141e+02
    1.625465816865156e+02
    1.996982231170415e+02
    2.239288357756908e+02
    2.103041128641789e+02
    1.763449326206725e+02
    2.329165612058816e+02
    2.226724034438084e+02
    1.933460914939809e+02
    1.853383951007362e+02
    1.859825476527743e+02
    1.601580619166151e+02
    2.082905068478107e+02
    2.556471397518601e+02
    2.210882366006675e+02
    1.814596661018504e+02
    2.094023461883205e+02
    2.043112420078313e+02
    1.875239951253712e+02
    2.027351946852031e+02
    2.118529391292503e+02
    2.217858400607895e+02
    1.935186123413260e+02
    2.369881192866930e+02
    2.140490926561159e+02
    2.487649184596216e+02
    2.268732974505713e+02
    2.719647945334566e+02
    2.688140424916213e+02
    2.180463147840334e+02
    2.392096376208713e+02
    2.495082281537668e+02
    1.267362587812374e+02
    1.616799471680258e+02
    2.379434108850961e+02
    2.272197928538554e+02
    2.885443636241837e+02
    1.646455457322304e+02
    1.455735251680181e+02
    1.984773234934789e+02
    1.795815441598938e+02
    2.041332106192453e+02
    1.406557715089576e+02
    2.493338056462431e+02
    1.968331241891360e+02
    2.472426592847449e+02
    1.602435731689479e+02
    2.163176210056480e+02
    1.746484691712561e+02
    1.708165624473878e+02
    1.919627349161595e+02
    2.134555620360175e+02
    1.347066854551554e+02
    2.045144434315807e+02
    1.649355487070756e+02
    2.023333605344914e+02
    1.502864425731400e+02
    2.292537362611858e+02
    2.065574786505812e+02
    1.856831526876783e+02
    1.803535718353328e+02
    2.634911827898640e+02
    1.293770383855173e+02
    2.266025175686366e+02
    2.090067461892966e+02
    1.739811891964933e+02
    1.680581910202511e+02
    2.166436828893706e+02
    2.452383251677628e+02
    2.537277878468018e+02
    2.136934512731307e+02
    2.179948706307971e+02
    2.220867074315152e+02
    1.274892509111083e+02
    1.552410225463950e+02
    1.631915583168546e+02
    1.567631811593373e+02
    1.686518456033684e+02
    2.132977445178341e+02
    2.309654040943269e+02
    3.100609285126205e+02
    2.012990859623147e+02
    2.449269418197218e+02
    2.461218169842283e+02
    1.817524571012518e+02
    2.165928013507960e+02
    1.682723253354408e+02
    1.825498399824340e+02
    1.402431797942717e+02
    1.798691332009042e+02
    1.502005934857249e+02
    1.477607110798874e+02
    1.615541738628917e+02
    1.887895631907583e+02
    2.082912843213666e+02
    2.049312332701464e+02
    1.537554128701453e+02
    1.977702848584903e+02
    1.460289402590718e+02
    2.000123603089338e+02
    1.854583643679018e+02
    1.511823343429114e+02
    1.611123779181997e+02
    2.246679041980087e+02
    1.837034996080376e+02
    1.436809140576514e+02
    2.532324758294794e+02
    2.331181914523916e+02
    2.184145160392944e+02
    1.754066187576524e+02
    1.799268615326378e+02
    1.716529034723931e+02
    1.810830470449980e+02
    2.166016763256306e+02
    2.020692586406801e+02
    1.797605244074305e+02
    1.999491215632361e+02
    1.705490579571784e+02
    1.956955467537716e+02
    2.100985538934742e+02
    2.962869662575821e+02
    2.123257538298208e+02
    1.861776356499672e+02
    1.882605289959116e+02
    1.825165714321838e+02
    2.096840496774780e+02
    1.864336979103757e+02
    1.840273423914419e+02
    2.267099054527631e+02
    2.165136901224832e+02
    2.837145377409661e+02
    2.564308195451554e+02
    2.497640063599704e+02
    2.164679868206372e+02
    2.022615311837461e+02
    2.164456813458008e+02
    2.035275415367568e+02
    2.275728775049828e+02
    1.918869329920585e+02
    1.670720706268111e+02
    1.763148438366454e+02
    2.779043349121440e+02
    3.319010529658004e+02
    2.058567819060829e+02
    1.894014409077596e+02
    2.025094725069891e+02
    1.884844952268406e+02
    2.169311977182713e+02
    1.440117503013261e+02
    1.180761417483160e+02
    1.958650596095640e+02
    2.604026683898661e+02
    1.674725911151620e+02
    1.982825876253560e+02
    1.616904760252640e+02
    1.840285291760694e+02
    1.956598716742684e+02
    2.160456452379862e+02
    2.246558200981241e+02
    2.383321916480674e+02
    1.829811305246301e+02
    1.746772408990176e+02
    1.543866174906503e+02
    1.945369988992485e+02
    2.384830803113005e+02
    1.934446461413154e+02
    2.671268384172544e+02
    2.138453672289427e+02
    1.699579749819259e+02
    2.174833964412312e+02
    1.654545133542695e+02
    1.446408439022986e+02
    1.883271848368423e+02
    1.974993177730641e+02
    1.518423401746082e+02
    1.446655961342827e+02
    1.765597252914552e+02
    2.323377796954412e+02
    1.691942082554624e+02
    2.527764432939097e+02
    1.743468150994494e+02
    1.591963852965921e+02
    1.685975010569837e+02
    1.569263838927787e+02
    2.006035467466137e+02
    1.807772528041545e+02
    1.790001252627138e+02
    2.162422749005350e+02
    2.155849022278153e+02
    2.105017530661877e+02
    1.908915187473684e+02
    2.126087143188010e+02
    2.356659461054653e+02
    2.430522046977887e+02
    2.280603768239183e+02
    2.865850448457053e+02
    2.370303054106046e+02
    1.754914336951913e+02
    1.674453930986488e+02
    1.831670359784880e+02
    1.953888399773660e+02
    2.520082981995296e+02
    1.839654795131082e+02
    2.337255859123206e+02
    1.511488031189850e+02
    1.455539952341246e+02
    1.481265091789049e+02
    2.935116998723913e+02
    2.775927733832049e+02
    1.950447120989725e+02
    2.669291767001630e+02
    2.474750757755839e+02
    2.015837450801422e+02
    2.397738258201332e+02
    1.777428162362310e+02
    1.635718309265087e+02
    1.987351686566473e+02
    1.832217959791086e+02
    1.690725422596694e+02
    1.954533861605472e+02
    1.713452034878429e+02
    1.496960915228925e+02
    1.948850834001888e+02
    2.439796181949976e+02
    1.998993808394795e+02
    1.916784777716106e+02
    2.406037716680606e+02
    2.459023317867559e+02
    2.500936541468076e+02
    1.827255260678595e+02
    2.186394058125097e+02
    2.369424086714065e+02
    1.602983615124674e+02
    1.918788670923499e+02
    2.032285909235651e+02
    1.750462745781113e+02
    1.939355227217163e+02
    1.535201004313797e+02
    1.593856590300891e+02
    2.290201183908715e+02
    2.590621485734090e+02
    1.585723365435183e+02
    2.462454614475354e+02
    1.960063947706277e+02
    2.206598069249037e+02
    2.923526209359790e+02
    1.798785580282373e+02
    1.457603079671122e+02
    1.330383403189290e+02
    1.910506363533540e+02
    1.450242628901719e+02
    1.778259825042045e+02
    2.044622401384476e+02
    2.047791668056976e+02
    1.493354541287965e+02
    1.476679995310661e+02
    1.402520139524279e+02
    2.061427619017013e+02
    2.242469976030185e+02
    1.914207980853740e+02
    1.929248529109736e+02
    2.092751419186135e+02
    1.174240725500658e+02
    2.104035863983302e+02
    1.977805389650223e+02
    1.985260657228810e+02
    2.214976151590287e+02
    2.146861811105026e+02
    1.627067679278241e+02
    1.955043902404049e+02
    1.913920739033182e+02
    1.712779771133040e+02
    2.565983613624479e+02
    1.539262600221571e+02
    2.022714322813067e+02
    2.418561129092177e+02
    1.848399883178200e+02
    2.123589431244915e+02
    1.974699478204201e+02
    1.661574359627468e+02
    2.112299115068532e+02
    2.865421753106489e+02
    1.906357303621309e+02
    1.537196979600844e+02
    2.020256854105833e+02
    1.460782667136129e+02
    1.815729534439367e+02
    1.679774554835365e+02
    2.212062731221272e+02
    1.667913032436923e+02
    2.202695007852515e+02
    2.072552625930791e+02
    1.518810417415762e+02
    1.756983957318539e+02
    1.878226125284505e+02
    2.235134719910411e+02
    2.471098105049646e+02
    2.318067050633715e+02
    2.006211196602385e+02
    2.978246022696021e+02
    2.729520323093095e+02
    2.339337551845051e+02
    2.705815667218155e+02
    2.715741763886820e+02
    2.107938407573079e+02
    1.721397637473876e+02
    2.578455257541248e+02
    2.118826884908447e+02
    2.419403352073891e+02
    2.285518655512476e+02
    1.933276215510477e+02
    1.681806844146547e+02
    3.036048153153160e+02
    2.887793883160055e+02
    2.196136889388640e+02
    1.366629470978296e+02
    1.568655924877760e+02
    1.943686944756178e+02
    1.977858799734122e+02
    1.522316713260852e+02
    1.726114127945073e+02
    1.921454320457815e+02
    2.261108902619276e+02
    2.268297387040047e+02
    1.350813068276602e+02
    2.042839666732095e+02
    1.552010828806010e+02
    1.615699822622094e+02
    2.010466235409922e+02
    2.284222961304476e+02
    1.882091812713156e+02
    2.139867422406223e+02
    1.845670113805647e+02
    1.914490494450683e+02
    2.280883959731739e+02
    1.873632011319035e+02
    1.889792514317969e+02
    2.139677429450967e+02
    1.709734494038162e+02
    2.005841038805727e+02
    2.458004715805873e+02
    1.833272373653915e+02
    1.542593164656375e+02
    1.997849921615591e+02
    2.048273268736398e+02
    2.593177335724261e+02
    1.984425839400262e+02
    2.095730024367651e+02
    1.751923873667317e+02
    2.131053955057200e+02
    1.904373328400050e+02
    1.413995885010308e+02
    1.455324224133915e+02
    3.101964959361476e+02
    1.484309813918640e+02
    1.702482882273671e+02
    2.300635665037032e+02
    1.892997983819430e+02
    1.798560071623842e+02
    1.862535761953814e+02
    1.875365595679864e+02
    1.575007056558547e+02
    1.706068969142086e+02
    2.190219805653214e+02
    1.709620333739838e+02
    2.118337901495795e+02
    1.790646599542720e+02
    1.683661027185508e+02
    1.447437728218370e+02
    2.155559967601368e+02
    2.356345269119015e+02
    2.331231990326614e+02
    2.092031163465174e+02
    1.927298128264158e+02
    1.968362536441418e+02
    2.159705221089530e+02
    1.958113487640730e+02
    2.187340197843935e+02
    1.454677186563856e+02
    1.268943277747826e+02
    1.585919507549534e+02
    2.308675376105055e+02
    2.081190969927275e+02
    1.786283433891356e+02
    1.607546493993982e+02
    1.915314239125075e+02
    2.365989244498746e+02
    1.945941536057387e+02
    1.860425878649210e+02
    2.702591182225387e+02
    1.946765392825102e+02
    1.987622274497926e+02
    2.686142500401843e+02
    2.585808064029663e+02
    2.670236393212986e+02
    1.366206311346446e+02
    1.551491084813881e+02
    1.685948176860734e+02
    1.905346663547073e+02
    2.070342128079369e+02
    2.260940789594520e+02
    1.931628019657978e+02
    1.882643650181524e+02
    1.679002842639579e+02
    2.359902096902658e+02
    2.747204759404315e+02
    2.490964122189587e+02
    2.389628059652978e+02
    2.112618180923243e+02
    2.157093210538483e+02
    2.406863429066925e+02
    2.020139092306613e+02
    1.311128831041378e+02
    1.981341652530898e+02
    1.755168080242413e+02
    1.595160055491067e+02
    2.217949621092782e+02
    2.000892297095027e+02
    1.853175151123401e+02
    2.231124794918230e+02
    1.914938931232632e+02
    2.383168351851248e+02
    2.549740945704764e+02
    1.326185466535253e+02
    2.661795032151974e+02
    1.367802691040629e+02
    1.047442471806994e+02
    1.689492963038299e+02
    1.232059052308455e+02
    1.858014029336118e+02
    1.816198931989834e+02
    2.469269924444552e+02
    1.958239855622753e+02
    2.637174939652311e+02
    2.086209927085929e+02
    2.270701648445515e+02
    1.869137036388202e+02
    2.418199584294518e+02
    1.500462630838445e+02
    1.381899787712086e+02
    2.217138747751846e+02
    1.997600542542682e+02
    1.131162781770240e+02
    1.487057856637728e+02
    2.209027826618069e+02
    2.493593255145720e+02
    2.932332445311863e+02
    2.709046498812120e+02
    2.897514052473957e+02
    1.753324387069279e+02
    1.810473392410677e+02
    1.641833104747400e+02
    1.996503837954526e+02
    1.506619122789266e+02
    1.395003289571810e+02
    1.374255388849463e+02
    1.821502371075678e+02
    2.371846201210815e+02
    1.814353843820857e+02
    1.620878258325388e+02
    2.132913797360936e+02
    1.659445513712535e+02
    1.696031313972310e+02
    1.849551189251940e+02
    2.409929996608878e+02
    1.616448593915072e+02
    2.178289899015351e+02
    2.241363904457580e+02
    2.047746669936123e+02
    1.825879197462189e+02
    1.769384685417981e+02
    1.887690485853761e+02
    2.015487800530968e+02
    2.204819567505365e+02
    1.428718221166639e+02
    1.819275877328312e+02
    2.376964725205050e+02
    1.861452579860588e+02
    1.724142219935459e+02
    1.844727377967342e+02
    1.868030285552186e+02
    2.060995445781498e+02
    1.870552926597964e+02
    1.882922919027010e+02
    2.083020456466102e+02
    2.114573882524553e+02
    2.005615587280147e+02
    1.922922464493013e+02
    1.431221317809820e+02
    2.040011758997434e+02
    2.222051499074348e+02
    1.468885086587261e+02
    1.612567239430757e+02
    2.000354671990522e+02
    1.659192102378199e+02
    1.521648791261748e+02
    1.761612140283978e+02
    1.543253453811974e+02
    1.809511181492610e+02
    1.926010640218362e+02
    2.535257015080015e+02
    2.003863134919322e+02
    1.830601022892574e+02
    1.666816670680498e+02
    2.067403474141838e+02
    1.252469224444314e+02
    1.998114635316040e+02
    2.749158957637314e+02
    1.916369880688069e+02
    2.148346837214626e+02
    2.391726693141129e+02
    2.245038500385363e+02
    1.923291395873105e+02
    1.598719411887623e+02
    2.257571900580683e+02
    2.511064581566734e+02
    2.101755609475822e+02
    1.496786246545764e+02
    2.201080829014757e+02
    2.004812602627453e+02
    1.957698528563526e+02
    1.645293512117337e+02
    2.108737092414469e+02
    1.921464761868913e+02
    1.698559280128063e+02
    1.555836235239519e+02
    2.118700172221463e+02
    2.345245607083916e+02
    2.315971938791142e+02
    1.790638507241863e+02
    2.131304723367714e+02
    1.575409383813962e+02
    2.235067303951018e+02
    1.968598939862011e+02
    2.059190457407624e+02
    2.347287537511363e+02
    2.978906888628057e+02
    1.869770223851356e+02
    1.769565886089811e+02
    2.009643004763450e+02
    1.825182736070917e+02
    1.999773777797350e+02
    2.519686534976245e+02
    2.686380728821189e+02
    2.388695481748994e+02
    1.838457769400611e+02
    2.488176026732208e+02
    2.240436893161291e+02
    2.309562898559363e+02
    1.973375050236064e+02
    2.067154177062980e+02
    1.370643427424568e+02
    1.737724822926430e+02
    2.005132269867465e+02
    1.951644859806129e+02
    2.659496084094530e+02
    2.244105980282995e+02
    1.848186549052969e+02
    1.952128395940031e+02
    1.680146986534305e+02
    1.758983853596351e+02
    2.436374150585186e+02
    1.406602070699796e+02
    1.582924171641480e+02
    2.039621354233464e+02
    2.490351106824346e+02
    1.811987531966122e+02
    2.214566954783083e+02
    2.296691251074594e+02
    3.009153226430215e+02
    2.168221350668568e+02
    2.350995357385136e+02
    2.250352309203606e+02
    1.685462652258957e+02
    1.862509399475289e+02
    1.927911468263119e+02
    1.550513350609583e+02
    2.484200836868195e+02
    2.414198152356278e+02
    1.856018000336610e+02
    1.939591967652859e+02
    1.639506923285796e+02
    2.295296627085565e+02
    2.197976133610257e+02
    1.780845418480681e+02
    1.866301820296371e+02
    2.439512323608756e+02
    1.627421883154955e+02
    1.430107313876942e+02
    2.340107973659042e+02
    2.235701638975411e+02
    1.600760644604964e+02
    1.903211732944465e+02
    2.632801260665826e+02
    2.139638048904703e+02
    1.898622025586610e+02
    1.553800845104149e+02
    2.162350911254600e+02
    2.110340117708063e+02
    1.988244709179571e+02
    1.588270976331989e+02
    1.712115796976957e+02
    1.613374739749315e+02
    1.735985631376423e+02
    1.893341937007051e+02
    2.655547071878027e+02
    2.286808547659609e+02
    2.243388712067463e+02
    1.776871008593184e+02
    1.875323130902348e+02
    2.054125678825278e+02
    1.245156558741496e+02
    1.671904312631614e+02
    2.238143195031284e+02
    1.997403768485344e+02
    2.093390140175916e+02
    1.755175466534729e+02
    2.153520661016989e+02
    3.283360707151076e+02
    2.085593083736467e+02
    2.674210394830175e+02
    2.187198334506024e+02
    1.631579369407802e+02
    1.943717329435322e+02
    1.913277805023631e+02
    2.444910148465931e+02
    1.704149590042607e+02
    1.797004076410337e+02
    2.152883359371515e+02
    2.012449122048690e+02
    2.382786692492903e+02
    1.960191695682317e+02
    2.313448796528201e+02
    1.677446911549487e+02
    2.257961136991651e+02
    1.745930462787805e+02
    1.693911407936548e+02
    1.709904837864167e+02
    1.642847702084055e+02
    1.694276594134851e+02
    1.209483420785330e+02
    1.888360696904419e+02
    2.172181848615878e+02
    2.247786813170683e+02
    1.856936655261438e+02
    2.045902481992709e+02
    1.992985345756551e+02
    1.586003887023037e+02
    1.693115130627416e+02
    1.439717140780226e+02
    1.823209637104412e+02
    2.277466969678926e+02
    2.313291542202910e+02
    2.379360991826172e+02
    2.311257760045953e+02
    1.946536470647607e+02
    1.902911265592979e+02
    1.690358409327257e+02
    2.456311891850032e+02
    2.599912263689305e+02
    1.568801049080423e+02
    1.625915304397995e+02
    2.261921358423604e+02
    2.472055161350613e+02
    2.364344992595875e+02
    1.792377589049170e+02
    2.284833119537575e+02
    1.535463090840926e+02
    1.555424587919640e+02
    1.699935887222682e+02
    1.662248257596684e+02
    2.051041025363190e+02
    1.655015619619780e+02
    1.950922191056725e+02
    1.093475817127205e+02
    1.433609381877113e+02
    1.997402829779355e+02
    2.200975809579052e+02
    1.828790926703505e+02
    2.023822046909231e+02
    1.582124616340514e+02
    1.885519761995965e+02
    1.723747569133673e+02
    1.808382726854325e+02
    2.181290031916478e+02
    2.637909902458341e+02
    2.043003188803868e+02
    2.061097153536605e+02
    2.549176071266936e+02
    2.416133525242037e+02
    2.401394897722059e+02
    1.404425014372077e+02
    1.477712869876757e+02
    2.080058915286418e+02
    2.601519305038721e+02
    2.661774693507482e+02
    2.206459964184148e+02
    1.757674491055923e+02
    1.870500385974253e+02
    2.750719509671751e+02
    1.713982139011296e+02
    1.940263045421034e+02
    2.022879932030594e+02
    1.364799622760631e+02
    1.997990462322707e+02
    1.461562863932284e+02
    2.153144362405988e+02
    1.461718748872261e+02
    1.690491684000517e+02
    1.926817250288161e+02
    2.264347967550646e+02
    2.304268741732346e+02
    2.077917708312555e+02
    2.112639674497723e+02
    2.188198590895570e+02
    1.703503795469612e+02
    2.026445777845151e+02
    2.702018903452847e+02
    2.455114131437392e+02
    2.268688115279895e+02
    1.863694555002201e+02
    1.679744737134320e+02
    1.955978939619126e+02
    2.117265523723097e+02
    1.762651586463710e+02
    1.655108367806349e+02
    1.734964720791095e+02
    1.927397487696726e+02
    2.245034231198417e+02
    2.151008181718862e+02
    1.930727522065467e+02
    2.584593848047268e+02
    2.058373469240473e+02
    2.096458466074978e+02
    2.885039535077897e+02
    2.550388383061988e+02
    1.764382082516795e+02
    1.715551940456101e+02
    2.040838866057220e+02
    2.153653261282716e+02
    2.386687825569356e+02
    2.338325732845851e+02
    2.091692596058067e+02
    2.214152919046785e+02
    1.508172896736164e+02
    1.608134818502867e+02
    2.020737406360058e+02
    1.943649145985376e+02
    2.350439341204935e+02
    1.536477443127842e+02
    2.089085107606570e+02
    2.043706530105419e+02
    1.638447869289791e+02
    1.652477917431054e+02
    1.791648030941542e+02
    2.281960809097939e+02
    1.564211411718895e+02
    1.956516612424559e+02
    2.051365794821857e+02
    2.055044501400266e+02
    2.634139374999495e+02
    2.853524185525737e+02
    2.009698295234114e+02
    2.303219024147108e+02
    1.447741468237382e+02
    1.395565875921875e+02
    2.381872222064874e+02
    2.012949776882112e+02
    2.318661289598947e+02
    1.759518962792504e+02
