    7.611345010020676e-02     0.000000000000000e+00
    2.223885159737136e-01    -3.366659330306887e-02
    3.698235846015070e-01    -6.507254139018870e-02
    2.733722342682035e-01    -9.300549525368718e-02
   -6.160505854393405e-02    -1.184143825599555e-01
   -2.588298297979685e-01    -1.443418194666521e-01
    9.115052576031601e-02    -1.723223779783774e-01
    2.483949683958024e-01    -1.996033261243122e-01
    2.583746659477457e-01    -2.245468297154609e-01
    2.439630323090602e-01    -2.468381025751416e-01
   -1.645713460278487e-01    -2.671936030355071e-01
    1.045483372123868e-01    -2.884032916597237e-01
    1.675368422561352e-01    -3.089498876965866e-01
    4.241133996259103e-01    -3.274201664819869e-01
   -2.475950826090491e-01    -3.427377591691920e-01
   -1.611570392337014e-01    -3.596068691083691e-01
   -2.139439157682219e-01    -3.783889214489804e-01
   -1.520965735327405e-01    -3.991066668404937e-01
   -1.156911203966499e-01    -4.214466661142420e-01
    3.760600518503843e-02    -4.447651301560986e-01
   -5.745593041035391e-02    -4.679885162801480e-01
   -2.285885137762663e-01    -4.918055214013020e-01
   -3.454668111145852e-01    -5.179163864584284e-01
   -1.230881545545196e-01    -5.470977300921782e-01
   -2.613961749000876e-01    -5.779188258031582e-01
   -1.827631082269727e-01    -6.111412297475409e-01
    2.452913825472618e-01    -6.458080530199344e-01
   -6.589406001391240e-02    -6.787727493659803e-01
   -3.655010263508679e-01    -7.123521232053256e-01
   -1.705146403527471e-01    -7.491148137263561e-01
   -6.605777300695082e-02    -7.876991341917905e-01
   -8.237920024472711e-02    -8.270483691346602e-01
   -1.384206475008497e-01    -8.672402953031266e-01
   -2.188599107912310e-01    -9.088588547265233e-01
   -2.079416767186711e-01    -9.525672864380272e-01
    1.615206126258451e-02    -9.981984905028258e-01
    1.441696047854157e-01    -1.043655722298989e+00
   -1.879742674672649e-01    -1.088310954758467e+00
    5.685387226317458e-01    -1.133525456475906e+00
    1.099924727907731e-01    -1.174504679186934e+00
    2.265662564743542e-01    -1.213581744129753e+00
    6.695834448991955e-02    -1.250791379860599e+00
   -2.528139060344671e-01    -1.287427922429508e+00
   -1.690615888613831e-01    -1.326247278886981e+00
   -1.054149734460286e-02    -1.366644834007824e+00
   -1.646104201700581e-01    -1.407534955568227e+00
    9.361684515975188e-03    -1.449634992130756e+00
   -1.311279841464245e-01    -1.492083344865313e+00
    1.987230982776662e-01    -1.535268100367726e+00
    1.540634040761426e-01    -1.576910376627878e+00
   -4.098795394215105e-02    -1.617078768321298e+00
   -2.443114892807919e-01    -1.657710826237775e+00
   -1.034153261556433e-01    -1.700444969079038e+00
    1.090914730399166e-01    -1.744164213762412e+00
    1.507027599764577e-01    -1.786954450314139e+00
    6.909311328504630e-02    -1.828331024808803e+00
    8.368977404853672e-02    -1.868965672592496e+00
    2.384915062593536e-01    -1.908545275615279e+00
   -1.039258062056070e-03    -1.946249849047387e+00
    1.527785595750215e-01    -1.983391963673280e+00
   -2.398788284037892e-01    -2.019779784652937e+00
    3.156179998284583e-01    -2.057395865309733e+00
    8.999738002247071e-03    -2.092929202753457e+00
    4.525915108438028e-02    -2.127828559144714e+00
   -1.443117959374071e-01    -2.162651720324159e+00
    1.213144201852856e-01    -2.198400930313803e+00
    2.884628762313490e-01    -2.233041991066293e+00
   -1.431183225567487e-01    -2.265400841134031e+00
   -1.063530394766026e-01    -2.298689287761829e+00
    5.176730690107822e-02    -2.332978571037398e+00
    1.195884439775661e-01    -2.366807202849927e+00
   -2.853507413818479e-02    -2.399670666181928e+00
   -1.377061591904860e-02    -2.432616590864646e+00
   -1.647151045346220e-01    -2.465902191589987e+00
   -1.001275344065775e-01    -2.500611771877495e+00
   -1.032929797044829e-01    -2.536363197130653e+00
   -3.400519352478618e-01    -2.573441394218608e+00
   -1.852039602572709e-01    -2.613442400345195e+00
   -1.130058968433587e-01    -2.655556216349806e+00
    5.237872661863876e-01    -2.698035971715763e+00
   -8.017817732217480e-02    -2.736670209080676e+00
   -9.331674119393585e-02    -2.775366944330303e+00
    9.212400560529810e-02    -2.814891097803720e+00
   -7.975958342821765e-02    -2.853830704182753e+00
   -5.290789789935246e-03    -2.893340048233435e+00
    1.567285223469361e-01    -2.932766644554557e+00
   -1.380003034530006e-01    -2.971150950108449e+00
    1.051481421121025e-01    -3.010335514217619e+00
    5.482722875251147e-01    -3.048342614784864e+00
    6.616870816942779e-01    -3.081104606621313e+00
    1.189471753555593e-01    -3.107919008099526e+00
   -5.331320969321540e-03    -3.133086350558045e+00
    7.068824300023158e-02    -3.158149621080211e+00
    1.121314098984230e-01    -3.182601278959670e+00
    4.670206476354997e-01    -3.205520909452360e+00
   -4.855226844879046e-02    -3.224690631179339e+00
   -1.847274198696567e-01    -3.243944822438163e+00
    2.296034874453021e-01    -3.264490770364744e+00
   -1.592489798894969e-02    -3.283448547571608e+00
   -1.305251953806568e-01    -3.302378196426311e+00
    5.521982217723087e-02    -3.322362103850987e+00
    1.574737443686771e-01    -3.341845757911948e+00
   -2.431663521301675e-02    -3.360074878557400e+00
    1.300773315644341e-01    -3.378160111399548e+00
    1.273172312665474e-01    -3.395150548490280e+00
    1.116771984767175e-01    -3.410840872223930e+00
   -8.096102755730850e-02    -3.425560484268626e+00
   -4.711773365276969e-01    -3.441341577529613e+00
   -9.340532808294388e-02    -3.461056066135317e+00
    1.092132764167104e-01    -3.481898053939534e+00
   -1.026408401756711e-01    -3.502085952216440e+00
    1.449005037276869e-01    -3.522764234764234e+00
    7.412840471945614e-02    -3.542394966653397e+00
    1.501693869330964e-01    -3.561063469897342e+00
   -3.780525448132677e-03    -3.578477052382603e+00
   -2.197348426123760e-01    -3.595992239206989e+00
   -1.549100886845871e-01    -3.615404839191055e+00
   -1.752756865478518e-01    -3.636521429468987e+00
    3.432052198356184e-02    -3.659094771986042e+00
   -1.259311922640840e-01    -3.681743481347457e+00
   -1.490647703074188e-01    -3.705472022729139e+00
   -1.768995848224220e-02    -3.730579213767964e+00
    6.904406422993858e-02    -3.755869379109670e+00
   -2.070100499018750e-01    -3.780839938940924e+00
   -2.350908673951494e-01    -3.807647800983706e+00
    1.101256039971354e-01    -3.836416204225081e+00
   -9.598073340009772e-02    -3.864657315419945e+00
   -1.631064501227968e-01    -3.893716533570700e+00
    1.436579936517746e-01    -3.923988070937542e+00
   -2.467326086712773e-01    -3.953570913860521e+00
   -1.719335970838202e-01    -3.985163174373786e+00
    4.303363388313515e-01    -4.017908851012725e+00
    5.048825675949331e-02    -4.047388475951857e+00
   -4.317328196432868e-02    -4.076003890589404e+00
    1.813745304620156e-01    -4.104765655003741e+00
    5.375199032909839e-02    -4.132063601093776e+00
   -1.281597150461622e-01    -4.158869850705341e+00
    1.090571196379253e-02    -4.186650529295357e+00
    9.403397697596327e-02    -4.214365868681960e+00
   -8.281747555576546e-02    -4.241435811499534e+00
    1.403773164661799e-01    -4.268893006361027e+00
    1.291838018893714e-01    -4.295196328291222e+00
   -1.075838352553532e-01    -4.320440731982823e+00
    1.516336582891156e-01    -4.346256409438709e+00
    2.493534737293175e-01    -4.370720560094843e+00
    4.302215688645949e-02    -4.393006817883881e+00
    4.392924894748806e-02    -4.414584767850289e+00
   -1.684326039615754e-01    -4.436023104606822e+00
   -4.065541698102637e-02    -4.458733148904465e+00
   -7.570990417534063e-02    -4.482101512844100e+00
    9.187462566519433e-02    -4.505959360955332e+00
    9.675753010578059e-02    -4.529106392131757e+00
    3.886550087205909e-02    -4.551295261981482e+00
   -1.789036472422512e-02    -4.573146727470053e+00
    1.937459183400718e-01    -4.594868452460696e+00
    1.765671476271351e-01    -4.614926127723175e+00
    1.557436001174408e-01    -4.633165677350317e+00
    2.460842124850582e-02    -4.649981090625619e+00
   -4.690159714410247e-02    -4.666476228883143e+00
    1.819328350177463e-02    -4.683345389597554e+00
    3.354803249619365e-01    -4.699784285452976e+00
    4.157233016305057e-01    -4.713064524677571e+00
    3.810974107708054e-02    -4.722666963558219e+00
    2.385999848735887e-02    -4.731443895044542e+00
   -2.327123121547942e-01    -4.740321675299763e+00
   -6.451957597992075e-02    -4.751055046342656e+00
   -3.666519390953482e-02    -4.762607148604352e+00
    2.852670485112019e-02    -4.774537183656816e+00
    4.096412408927421e-01    -4.785742142511760e+00
   -9.881970792158090e-02    -4.793889153235112e+00
    2.481648523277671e-01    -4.801997775593826e+00
   -3.929855048061914e-02    -4.808352264780542e+00
   -4.730171736528519e-01    -4.815214875500186e+00
   -2.597466347525611e-01    -4.826144311868243e+00
   -2.465794791801713e-01    -4.839979362796172e+00
    4.574738856462512e-02    -4.855909485845581e+00
    5.315357108202079e-04    -4.871806665948169e+00
    1.829255674208483e-01    -4.887368053068774e+00
   -1.502259691171726e-02    -4.901552611354930e+00
    1.372708869762391e-01    -4.915506669939368e+00
    3.316844014993776e-01    -4.928039382559438e+00
    1.696762040871236e-01    -4.937658451881140e+00
    2.476964352130948e-01    -4.945225156854595e+00
   -6.691042195999164e-02    -4.950837940634320e+00
    1.337438471830894e-01    -4.956465925268709e+00
   -8.918660943636780e-02    -4.961332699850184e+00
    1.435074494843633e-01    -4.966512122225532e+00
   -1.881052482695078e-02    -4.970715640008729e+00
   -2.983318084363986e-01    -4.975191047435708e+00
   -1.619020980195927e-01    -4.982239438689023e+00
   -2.191299900859065e-01    -4.991124192478520e+00
   -1.403770526557040e-01    -5.002094455595051e+00
    1.966524258720497e-01    -5.014159584980877e+00
    1.014663116875496e-01    -5.024761384353128e+00
    1.655433917807472e-01    -5.034073286499832e+00
   -3.655642930057179e-02    -5.042098316562374e+00
    6.993788020372582e-02    -5.050067816907283e+00
   -2.351658060701680e-01    -5.057846711729051e+00
   -1.318231209900376e-01    -5.067532729045495e+00
    2.874007889900085e-01    -5.078268573557933e+00
    2.564882165869320e-01    -5.086524245908017e+00
   -1.290541315628048e-01    -5.092597862451435e+00
    8.205429124709696e-02    -5.099318180599743e+00
    5.287830349089395e-02    -5.105499792090031e+00
   -1.329582321129650e-01    -5.111316753603069e+00
    9.899990606924547e-02    -5.118005743794742e+00
    8.020433349038703e-02    -5.124040008463465e+00
    3.867285649346841e-01    -5.128883449743280e+00
    3.732230478701510e-01    -5.130195747140090e+00
    2.125757585313068e-01    -5.127921414707444e+00
    2.959910489042243e-01    -5.123211338648036e+00
   -9.480528220433082e-02    -5.116086223441696e+00
   -1.983006872853821e-02    -5.109405821554740e+00
    9.488194344015000e-02    -5.102886334454648e+00
   -2.991157263659631e-01    -5.095958113210226e+00
   -1.757128647200744e-01    -5.091471964076346e+00
    3.293658506555919e-02    -5.088711073195212e+00
    1.721275370317699e-01    -5.085685409401268e+00
    1.286672116141658e-01    -5.081055438109906e+00
   -1.472876030538643e-01    -5.075454310552606e+00
    2.031308945959041e-01    -5.070593291200924e+00
   -2.340919638863570e-02    -5.064397345943264e+00
    2.645343405870326e-02    -5.058059649573041e+00
    9.552749307867714e-02    -5.051512492474759e+00
    1.585662789106663e-01    -5.043973661785763e+00
    1.408238608268235e-01    -5.034958257100233e+00
    1.669691234355384e-01    -5.024451999657181e+00
    9.419003686645899e-02    -5.012415774596056e+00
    2.496808188183877e-01    -4.999187868475521e+00
    3.433546244989856e-01    -4.983541753955527e+00
    2.401971159117111e-01    -4.964619082640964e+00
   -9.830822834727115e-02    -4.943520951146257e+00
   -9.645812946533572e-02    -4.923130175646804e+00
    3.772188126895046e-01    -4.903169623291603e+00
    4.544070134286504e-02    -4.880317862735423e+00
   -7.002454986410522e-02    -4.856685321218245e+00
   -1.557466687809821e-01    -4.833794991270705e+00
   -2.139646556335648e-01    -4.812406535649477e+00
   -1.021810513030076e-01    -4.793058919208150e+00
    2.560591369499747e-01    -4.774422027273863e+00
    9.446111545697145e-02    -4.753800596987013e+00
    5.974645051678440e-03    -4.732065157954565e+00
   -6.266976626478704e-02    -4.710348387003004e+00
    1.937632301175001e-01    -4.688847869753524e+00
   -3.212128018208349e-02    -4.665974715053021e+00
    2.809003854796832e-02    -4.643070283215470e+00
    1.682611576454591e-01    -4.619852694152209e+00
    1.219011955934632e-01    -4.595106204017698e+00
   -1.360492818733261e-02    -4.569241901910680e+00
    9.942423011346624e-02    -4.543273486849000e+00
    2.746900540005939e-01    -4.516233875780182e+00
    5.896722080884720e-02    -4.486855554222494e+00
    7.650384370663810e-02    -4.456620956432358e+00
    5.547840711040530e-02    -4.425674246290063e+00
    4.712707389728621e-03    -4.394228579758634e+00
    5.978962124389531e-02    -4.362555836723645e+00
   -3.106541632590790e-01    -4.330797456582336e+00
   -1.348992615976726e-01    -4.301525556998047e+00
    4.757622291967412e-03    -4.273743578654304e+00
    2.260454004222794e-01    -4.245764906338419e+00
    1.936445592869973e-01    -4.215807478686541e+00
    1.460848212756987e-01    -4.183898228875175e+00
    2.806488252166077e-01    -4.150366313627451e+00
    2.060247049737085e-01    -4.114182798206641e+00
   -1.405761792401279e-01    -4.076281896066416e+00
    1.011606468405177e-01    -4.039103634220688e+00
   -1.265663338705224e-01    -4.001483306490744e+00
   -2.577446519310996e-01    -3.964942153776756e+00
   -2.410145637799929e-01    -3.930933837066714e+00
    1.263830170466378e-01    -3.898914472630672e+00
   -1.009900773138099e-01    -3.866268786062463e+00
   -2.163080637689376e-01    -3.834501958279995e+00
    1.613076745996467e-01    -3.804397675647579e+00
   -1.579757603114162e-02    -3.773244657812508e+00
   -1.880506040118121e-01    -3.742262359641847e+00
    1.727766650705889e-01    -3.712557421021391e+00
   -2.413851669208384e-01    -3.681972934807108e+00
   -2.418150446499624e-01    -3.653365302428340e+00
    2.180198774476367e-01    -3.626703528506468e+00
   -3.704635879709595e-02    -3.598627701036482e+00
   -4.551092532110201e-02    -3.570609999907520e+00
    9.067952236952115e-02    -3.542930184011834e+00
   -8.244983286153063e-02    -3.514643805092558e+00
   -1.254175506260822e-01    -3.487066443271441e+00
    9.254210249560235e-02    -3.460479286391732e+00
    2.481802665809596e-01    -3.433063948089596e+00
    1.898396378013103e-01    -3.403306980572962e+00
    9.031531978419882e-02    -3.371790192268007e+00
    3.529502440700925e-01    -3.338837843391849e+00
   -2.046262629297331e-01    -3.303389294732209e+00
    6.758561488705928e-02    -3.268887781647900e+00
   -4.741633860632219e-01    -3.234799150366025e+00
   -1.506080412906300e-01    -3.204380881138037e+00
   -3.228254197089486e-02    -3.175866607229686e+00
   -7.182516744003942e-03    -3.147606682496036e+00
   -1.626830971377473e-01    -3.119737312077429e+00
    4.170783788379429e-02    -3.092951764140594e+00
   -4.406419999980529e-01    -3.066637027037340e+00
   -1.077752783921454e-01    -3.043727983689664e+00
   -1.070138964178426e-01    -3.022425878451777e+00
    1.351167083831428e-01    -3.001805944993469e+00
    9.826254325880379e-02    -2.980204936728061e+00
    2.302694390109816e-02    -2.957569894076247e+00
    5.138661450474169e-02    -2.934689346152807e+00
    1.986811465855198e-01    -2.911062694217325e+00
   -2.409787465763117e-01    -2.886146852214528e+00
   -1.412822119536941e-01    -2.862993834252589e+00
    4.686951434225639e-02    -2.841311303121021e+00
    2.446479792286964e-01    -2.819002977289764e+00
   -2.127965295375021e-01    -2.795033070100096e+00
    6.471299444450263e-02    -2.772325552772250e+00
    1.095222811013969e-01    -2.749324056314521e+00
    7.617130188410259e-03    -2.725281743733266e+00
   -4.583086234625000e-02    -2.701185416090394e+00
    2.518117247446896e-01    -2.677163782096342e+00
    3.970641757116851e-01    -2.650808449545120e+00
    1.681373740527334e-01    -2.620774863435528e+00
   -2.329973149396863e-01    -2.589271625846531e+00
   -1.431013301028884e-01    -2.559591003597639e+00
    1.093098711562277e-01    -2.531250051804330e+00
    1.126710488462095e-01    -2.501983505639617e+00
   -1.882862703612602e-01    -2.471978206697540e+00
    1.291982276478847e-01    -2.443132497840014e+00
    1.302487975949531e-01    -2.413468064298934e+00
    4.686393251591767e-01    -2.382009730230730e+00
    1.202468652574367e-01    -2.346631947110833e+00
   -1.055144342466179e-01    -2.309851591421721e+00
   -8.253191058826415e-02    -2.273916564871512e+00
   -1.690211217100313e-01    -2.238932205511561e+00
   -1.398702093852080e-01    -2.205512994890035e+00
   -7.014585921543248e-02    -2.173484700464608e+00
    1.423142154381594e-01    -2.141999312101570e+00
    1.785865881414708e-01    -2.109269639133951e+00
   -8.097556280594609e-03    -2.074926717443474e+00
   -2.114116042782257e-01    -2.040742449648177e+00
    1.511661299524605e-01    -2.008056047666475e+00
    8.393460690950816e-03    -1.974408947728972e+00
   -2.247873204969182e-01    -1.940722950332093e+00
   -1.976528947311664e-01    -1.909039851049559e+00
   -1.003549448576848e-01    -1.879297254477472e+00
   -8.848737992653399e-03    -1.850529381372561e+00
   -1.428712954821322e-01    -1.822107125217971e+00
   -4.305253474017834e-02    -1.794845968474396e+00
    6.001406619854488e-02    -1.768059668785755e+00
    1.733074642772692e-01    -1.740620646496499e+00
    4.823584934316338e-02    -1.711703161667796e+00
    6.338766569372178e-02    -1.682161667212185e+00
    2.599204046503416e-01    -1.651789776689338e+00
    6.569588295554074e-02    -1.619227460610985e+00
    1.025364163276179e-01    -1.585778889546575e+00
    3.444742539786148e-01    -1.551070035062733e+00
    8.838859670246957e-02    -1.513454437508540e+00
    3.348565194982589e-02    -1.474694881309117e+00
    4.761920777667394e-02    -1.435577639838749e+00
   -2.559253722183430e-02    -1.396038470856424e+00
   -1.186931412361872e-01    -1.356820922589940e+00
   -5.313866094419972e-03    -1.318520115560338e+00
   -1.143247278398547e-01    -1.280611012121537e+00
    3.483979063382407e-01    -1.243163740547161e+00
    1.179357084633808e-01    -1.202983533766270e+00
   -2.034895741782947e-01    -1.161655860848082e+00
   -2.618631787551351e-01    -1.122078725192277e+00
   -5.021991944061085e-01    -1.085404264912547e+00
   -4.754356802944526e-02    -1.052999938649543e+00
    2.991417360998416e-02    -1.021498588221596e+00
   -1.336833623490150e-01    -9.899036224163256e-01
    2.844962772016402e-03    -9.593404189806698e-01
    5.169561819774060e-02    -9.288447701118123e-01
   -4.430907746014723e-02    -8.979746978962746e-01
   -1.099726960813001e-01    -8.674782907115235e-01
   -2.495419374804868e-01    -8.382256329551625e-01
    1.080700346299950e-01    -8.109248177883064e-01
    4.336078497253193e-02    -7.829935086856628e-01
   -9.734478495106769e-02    -7.547067734055384e-01
    1.310856402855649e-01    -7.269636500221823e-01
   -1.042729613493065e-01    -6.984663892028733e-01
    5.833106673727295e-02    -6.705237603551755e-01
    4.399844748308790e-02    -6.422506640901706e-01
    6.712988103508910e-02    -6.134468479284605e-01
    8.019688201972075e-03    -5.840749564005527e-01
    3.799539843275856e-02    -5.545500551890621e-01
    2.361735645339649e-01    -5.244332791860571e-01
   -1.092394802340152e-01    -4.925236290240487e-01
   -1.980717415189360e-01    -4.614381521548787e-01
    1.201508907167692e-01    -4.319495032030769e-01
    2.041884902452011e-01    -4.015091476535346e-01
    1.354161389877730e-01    -3.691378189908439e-01
   -1.049021574588664e-01    -3.355504094114345e-01
   -4.432516534623290e-01    -3.031550771166263e-01
   -1.471231131878682e-01    -2.745636848317923e-01
    1.416628568218612e-01    -2.474823311914300e-01
    1.215813795564458e-01    -2.192752035664274e-01
    1.455729303084174e-02    -1.898959550252139e-01
   -2.246331432674253e-02    -1.603550875110535e-01
    1.721719587719917e-01    -1.307438915062069e-01
    1.329319762313341e-02    -9.985069405849445e-02
    5.395371571555918e-02    -6.849847795886177e-02
   -1.781778541696071e-01    -3.702702425422699e-02
    1.303231688213231e-01    -6.641213903735732e-03
   -1.490552639368247e-01     2.428237591489957e-02
    2.474239906194129e-01     5.452912668585674e-02
    2.519224231229202e-01     8.678180349880815e-02
   -1.006339815687629e-02     1.213271092900277e-01
    7.939484872601943e-02     1.561565882140894e-01
   -2.087841715797850e-01     1.913670252947213e-01
   -2.845222652504986e-01     2.247001869496217e-01
   -7.151956210719557e-02     2.554897864724976e-01
   -1.897733795155432e-01     2.851808804344380e-01
   -5.559295949297505e-02     3.132725609334817e-01
   -5.617228404753427e-03     3.407086106656674e-01
   -1.124721620946986e-01     3.679195009385703e-01
    2.643042787558736e-02     3.942953455893217e-01
   -1.401220438907416e-01     4.205823264308670e-01
    3.581630082967702e-02     4.458068151023939e-01
    4.060527403151837e-01     4.716042411102477e-01
    2.378623008564715e-01     5.008982915643341e-01
    5.096200631276138e-02     5.326557192097938e-01
   -2.917587293823829e-01     5.646802892021241e-01
   -9.912886168402513e-02     5.943642369553797e-01
    5.204748675619153e-02     6.229365415373986e-01
    1.551469074525074e-01     6.520393920475078e-01
    9.111831077670440e-02     6.824965291483254e-01
    1.315156103285262e-01     7.140175183722228e-01
   -6.110762674013304e-02     7.466102733024402e-01
   -2.910593400769301e-01     7.785566960458006e-01
   -1.715128870697697e-01     8.079171780086714e-01
    5.601701839170525e-02     8.356643997101929e-01
   -4.904615639966892e-02     8.636481253836905e-01
   -7.586894388290966e-03     8.912567240663547e-01
    2.144829964866175e-01     9.190746981598700e-01
   -3.244192237774570e-01     9.481315531560918e-01
    1.015872058978657e-01     9.750589490091492e-01
    7.210704111191713e-02     1.002403551525268e+00
    5.292836245672561e-03     1.030553125423679e+00
   -3.516034808455316e-01     1.058444445251415e+00
   -3.701109644163723e-01     1.083057095319234e+00
    5.705994183700711e-01     1.105019247930068e+00
    2.120630000726180e-01     1.131307116625385e+00
   -1.724935178863234e-01     1.159811594541762e+00
   -4.590220047747950e-02     1.187038282384477e+00
    8.115111524726326e-02     1.213804342454010e+00
   -4.340578666476635e-02     1.241141020150057e+00
   -3.021156419271677e-01     1.267938952777491e+00
   -3.013126333008216e-01     1.291902965671422e+00
    1.488871462677479e-01     1.313355631234101e+00
   -5.895917491173464e-02     1.335591098129614e+00
   -2.267931540995676e-01     1.357334942748242e+00
   -2.925689191459069e-02     1.377133105496137e+00
    3.083852323337899e-02     1.396534626275630e+00
   -2.041618808019734e-01     1.415903932509488e+00
   -3.202219413849716e-02     1.433705348820265e+00
   -3.453811996947420e-02     1.450924596106051e+00
    8.683279099705876e-02     1.467997839500512e+00
   -1.906993957056502e-02     1.485668378483863e+00
   -1.400528032033634e-01     1.503197289513372e+00
   -3.295021288397862e-01     1.519198206334655e+00
   -1.547651889291132e-01     1.532288925561939e+00
    3.416800450458002e-03     1.543772483017647e+00
    8.813671835657422e-02     1.555241422911310e+00
    5.801458795228021e-02     1.567497800213214e+00
   -4.172699864481044e-02     1.580227791040287e+00
    3.111755513171999e-01     1.593011851265288e+00
    3.465012956095648e-01     1.608601282790735e+00
   -9.828413259213564e-02     1.627194049623979e+00
   -2.376880278024742e-01     1.645125502876940e+00
   -7.713927086513483e-02     1.660908848512247e+00
    2.114443054021735e-01     1.676078498501177e+00
    5.495652590599032e-02     1.692907466793292e+00
   -3.374604929724678e-02     1.710377288392969e+00
    5.883649371237420e-02     1.727694642556381e+00
   -2.421863395679225e-02     1.745391315303117e+00
    8.853268787148627e-02     1.763058925748877e+00
    2.354325308690108e-01     1.781636185704415e+00
    5.515073179393259e-02     1.802285126319097e+00
   -2.409198093160001e-01     1.823325664973063e+00
    6.652420809713244e-02     1.842586498014625e+00
    2.172405086223990e-01     1.862298391434886e+00
    1.211352100418139e-01     1.884011488522579e+00
   -2.136991355170863e-01     1.906678064095794e+00
   -1.745183995286368e-01     1.927566664362281e+00
    9.015654345219559e-02     1.946955131173185e+00
   -2.449272808217472e-01     1.966604637501904e+00
   -7.128276968847447e-02     1.984323867577963e+00
    2.885207389820750e-01     2.001538421822926e+00
    4.496654887830975e-02     2.020967281288533e+00
    1.648335491247850e-01     2.041334127890657e+00
   -2.118636279826380e-02     2.062933303322815e+00
    3.490477773622436e-02     2.084651462495309e+00
    1.917143258438614e-03     2.106552753209321e+00
   -2.735992292303990e-02     2.128547618549903e+00
   -7.741860720485361e-02     2.150158471158312e+00
    1.871614293477706e-01     2.171400886789024e+00
    9.177375561792478e-02     2.194043262207409e+00
    2.055961599809848e-01     2.217951978461779e+00
    4.916065688062199e-02     2.243499998514670e+00
    2.205693394239432e-01     2.270054891338876e+00
   -2.701104101692551e-01     2.297952286793394e+00
    1.232290179308904e-01     2.324211531895998e+00
    9.692469406372206e-02     2.351107752537456e+00
    1.120391533326255e-01     2.379164643848991e+00
   -5.504970609268300e-02     2.408058995539996e+00
    1.030007327121329e-02     2.436730130839555e+00
   -1.576663131825313e-01     2.465181810275003e+00
   -1.299657916797600e-01     2.492334692043688e+00
   -2.821041930820172e-01     2.517933755199735e+00
   -5.009542873186490e-02     2.541091817117009e+00
    3.765208318314079e-01     2.563969703300830e+00
    6.449961749518418e-02     2.589856431324379e+00
   -8.179956379730979e-02     2.616617120446876e+00
    2.821095660597739e-02     2.642741473369389e+00
    2.680688193407548e-01     2.669327935787906e+00
    2.991001732472398e-02     2.698068884953702e+00
    8.170319889505318e-02     2.727466740889800e+00
   -3.927918638419237e-03     2.757502062910107e+00
   -4.914672056124236e-02     2.787546412361692e+00
   -1.035633955375829e-01     2.817129544615704e+00
   -2.497346700158459e-01     2.845475407719920e+00
    2.379410922103204e-01     2.872089071593626e+00
   -6.020449112571669e-02     2.900139728204468e+00
    1.752515136648356e-01     2.928276174309325e+00
    9.433348704915834e-02     2.957756885759634e+00
   -6.500899571309449e-02     2.988154114178430e+00
   -2.026144864800017e-03     3.018107748224926e+00
    4.780709292896201e-03     3.047967292966463e+00
    5.243989979960584e-02     3.077936061673354e+00
   -6.891634570163208e-02     3.108258948541303e+00
   -1.825375103189970e-01     3.137911919163066e+00
   -2.121211125342597e-01     3.165796705179071e+00
    7.389188469779251e-02     3.191850152159930e+00
    1.951492312247125e-01     3.218543544097137e+00
   -2.413355591613027e-01     3.246553714488980e+00
    8.618493288801687e-02     3.273008865450480e+00
    1.421753751356563e-01     3.299947990160878e+00
    1.163977381028416e-01     3.328317925883528e+00
   -1.027092571531909e-01     3.357628975936832e+00
   -1.070430506442790e-01     3.386122742935607e+00
    1.055248231088057e-01     3.413764273719106e+00
    1.702322775453240e-01     3.442249397093428e+00
    4.541490267345183e-01     3.472755775194530e+00
    1.398007857348431e-01     3.507134851206566e+00
    1.302457970411297e-01     3.543295182385570e+00
    1.801211336916537e-01     3.580749329192234e+00
    2.043328046722308e-01     3.620021889714335e+00
    8.184406176501957e-02     3.661151408444430e+00
    2.923440277977647e-01     3.703448591345165e+00
    2.984054081541330e-01     3.748506718309664e+00
   -2.800326432856195e-01     3.795921443455563e+00
   -9.746327150146494e-02     3.841336125708113e+00
    7.616266479986966e-02     3.885719006543029e+00
   -5.541433548295349e-02     3.930539140114382e+00
    1.468685479320242e-01     3.975204066892534e+00
   -2.040235199683593e-02     4.020915015907168e+00
   -1.634702884398398e-02     4.066621892350266e+00
    1.119873259550332e-01     4.112292772050072e+00
   -1.045855777638621e-01     4.158731941829665e+00
   -2.267007222333121e-01     4.204234549897730e+00
   -1.531016437255858e-01     4.247653948531658e+00
   -1.739181805161252e-01     4.289427461395872e+00
   -2.716154001207083e-02     4.329623171647935e+00
    4.771072023419842e-02     4.369523084036100e+00
   -2.567813386966009e-01     4.409463365777887e+00
   -1.047313882293907e-01     4.447368311561066e+00
   -2.656150375136124e-02     4.484027240897628e+00
    3.642661366777475e-01     4.520829065480542e+00
    2.394827092019454e-01     4.560710323697853e+00
   -4.205269177185778e-03     4.602946299567794e+00
   -1.260035048297710e-01     4.645222486298285e+00
   -2.022852369625128e-01     4.686313654478352e+00
   -2.467725239808942e-01     4.725319769344701e+00
    1.821449324138087e-01     4.762422204470319e+00
   -5.291808606657467e-02     4.800601372560545e+00
   -1.183526551614932e-01     4.838502104898764e+00
    1.693986371276424e-02     4.875361004054334e+00
    1.467880678742177e-01     4.912390613013272e+00
    3.343192478390846e-01     4.950919904761683e+00
    5.166915813085950e-01     4.992841441515560e+00
    2.997606370279642e-01     5.039501514520805e+00
    2.457597318087950e-01     5.089383627863504e+00
    7.190199802612929e-02     5.141577765121594e+00
   -2.416605857702905e-01     5.194383011728132e+00
   -3.994169516025352e-01     5.244867340978791e+00
   -1.140289356985533e-01     5.291841075222973e+00
   -3.351400864042432e-01     5.337109424004279e+00
   -1.348575021339968e-01     5.379429678764340e+00
    3.855741891286186e-01     5.420806558581582e+00
   -8.732371094528735e-02     5.464912796154889e+00
    2.426768834871211e-01     5.509129954062935e+00
    1.099494142150435e-01     5.555160348068261e+00
    1.334000000205833e-01     5.602544530737577e+00
    1.115596829847789e-01     5.651189772523296e+00
   -1.306305688736756e-01     5.700736249179230e+00
   -1.943423754038690e-01     5.749181523268861e+00
   -3.074276638281844e-01     5.795569788897037e+00
   -3.944781420967158e-02     5.839305961239007e+00
   -2.027697985608029e-01     5.882196880136070e+00
   -2.242732931489968e-01     5.923164344861306e+00
    1.541598813011205e-01     5.962388681083537e+00
   -1.610819334789824e-01     6.002295340400691e+00
    1.981001142941294e-01     6.041477783662253e+00
   -5.786649639692309e-02     6.081801352077600e+00
    3.376778557793103e-01     6.122398199974082e+00
    1.916590274161876e-01     6.165671226391932e+00
    1.233592997290658e-01     6.211100263244445e+00
   -9.602130190385194e-02     6.257473674453165e+00
    2.099635861492231e-01     6.303519482954124e+00
   -7.899609618806425e-03     6.351063363371240e+00
   -1.402291656392152e-01     6.398647851344266e+00
    7.082473948065049e-02     6.445197843394251e+00
   -2.609449512010485e-01     6.491862269076151e+00
   -2.454702043635507e-01     6.536307585721240e+00
   -1.591010158648374e-01     6.578349451598152e+00
   -2.903208928048742e-01     6.618550951577922e+00
   -4.360109314269489e-02     6.656254199576788e+00
    3.646680045237649e-02     6.693335611193277e+00
   -5.713070563672096e-04     6.730663711481197e+00
    3.529932211984033e-02     6.768122988681053e+00
   -2.772810286564322e-01     6.805524200012419e+00
   -2.819509469673847e-01     6.840534055263957e+00
   -2.917619801050251e-01     6.872611853255366e+00
   -9.356423939920544e-02     6.902072532182321e+00
   -1.762104601569774e-01     6.930197553312476e+00
    4.647685020536874e-02     6.957024187867427e+00
   -2.533910202041341e-01     6.983617590905296e+00
    5.898504006624417e-02     7.008492711278121e+00
   -3.408327640372419e-01     7.033049105742952e+00
   -9.597703160573590e-02     7.055001938478305e+00
   -1.137297704401590e-01     7.075604045378233e+00
   -4.029962802121645e-02     7.095226547780553e+00
   -3.595878788493112e-02     7.114384727155449e+00
   -2.332548418591444e-01     7.132926428324969e+00
    9.551026309130184e-02     7.149733861629739e+00
    5.738769397904098e-02     7.167033761506493e+00
    2.978344414010503e-02     7.185049026207150e+00
   -1.902576541018277e-01     7.203021641330126e+00
    2.557975453471215e-01     7.219924775569154e+00
   -1.738402938785555e-01     7.238332188828442e+00
    1.025297411415238e-01     7.255847077258453e+00
    1.737142153688580e-01     7.274122013812246e+00
   -2.707241518263516e-01     7.293641147702453e+00
   -2.157434765613232e-01     7.310953787910267e+00
    6.602945267321725e-02     7.326293792206819e+00
    9.945055014047743e-02     7.342068992191924e+00
   -7.266393273101857e-03     7.358678542124226e+00
    1.805627783990871e-01     7.375560832073084e+00
    5.263849563959866e-02     7.393882323559367e+00
   -9.457490588016482e-03     7.412854568826311e+00
   -7.413351803795654e-02     7.431679325599377e+00
    3.746525762065289e-02     7.449964136355925e+00
    5.107787837644651e-02     7.468499428915165e+00
    6.676068309249095e-02     7.487558797985482e+00
    1.965903999292835e-01     7.507394148330254e+00
    1.945239476368499e-01     7.529080460752777e+00
    9.486364490254573e-02     7.552595999440334e+00
    1.741973367888421e-01     7.577274711193223e+00
    1.394838206990812e-01     7.603528902466918e+00
    1.783262239260637e-01     7.631321154870788e+00
   -3.509473717943479e-02     7.660580115986451e+00
   -1.054912974299216e-02     7.689809133225558e+00
   -2.453885210384271e-01     7.718587690582275e+00
   -1.263858878292978e-01     7.745322751329945e+00
   -1.439525794996428e-01     7.770614153398069e+00
   -1.159819981331452e-01     7.794493797600166e+00
    1.534371388105911e-01     7.817517471589274e+00
   -1.121650438352958e-01     7.841454979607327e+00
    1.093888082850583e-01     7.864858626620709e+00
   -4.969692784541735e-02     7.888917692388641e+00
   -1.262209911917467e-01     7.912548434485804e+00
    2.913251590428900e-01     7.935465701071405e+00
    3.414332154920929e-03     7.960525748126154e+00
   -1.328705969264832e-01     7.985867033593945e+00
   -2.853063847638453e-01     8.009808515043867e+00
   -3.182458930028019e-01     8.031020684733511e+00
   -1.961758880194679e-01     8.049181465584642e+00
   -1.047235182478516e-01     8.065365232046627e+00
   -2.375762163202808e-01     8.080269820068098e+00
   -1.411742467421618e-01     8.093031008441667e+00
   -1.379548696485926e-01     8.104321679161465e+00
   -2.621616634926625e-01     8.113996234427038e+00
    2.091431313618783e-01     8.121817147071280e+00
   -3.141452699538376e-01     8.130529114560893e+00
    1.659224393836780e-01     8.137276616715457e+00
    3.235470762059833e-01     8.145240821380687e+00
    5.931848611093637e-02     8.156095930753313e+00
    4.362770980914088e-02     8.167795460853458e+00
   -1.544258875884168e-01     8.179770089353617e+00
   -3.189457512418414e-01     8.190141158518433e+00
    1.855937374742838e-01     8.198088780340715e+00
    1.456844425279646e-02     8.207082876770055e+00
    1.785430408872117e-01     8.216699683708864e+00
   -3.293998216264526e-03     8.227693716883534e+00
   -2.191541968999331e-01     8.238638633715922e+00
    6.076289114165556e-02     8.247869816625130e+00
    1.834460027003844e-01     8.257543127913085e+00
    2.257271547401851e-02     8.268790406694329e+00
   -5.892030091264355e-02     8.280334843037384e+00
    1.259424460316212e-01     8.291571925474397e+00
   -1.833301098293305e-01     8.303596154469220e+00
   -4.325880488457983e-01     8.313759260686364e+00
    2.898053867999522e-01     8.320662417965979e+00
    7.100421113981392e-02     8.329404259320192e+00
   -2.128511809420952e-02     8.339098348759199e+00
    9.648852500916982e-02     8.348744427115744e+00
   -6.436277100565346e-02     8.359106749189101e+00
   -2.074129710946864e-01     8.368784496063908e+00
    2.349822956192724e-01     8.377025979982974e+00
    8.326352352996769e-02     8.386989451978364e+00
   -2.614575284072089e-01     8.397636749297753e+00
   -1.996733259199572e-01     8.406052817754272e+00
    2.937269609244031e-02     8.412616404064028e+00
   -1.158527587465812e-01     8.419143674305984e+00
   -2.932229836334784e-01     8.424396405419593e+00
    2.061114902219798e-01     8.427516310038481e+00
   -7.695089696351265e-02     8.431747113515222e+00
    1.114459476566538e-01     8.435875528173018e+00
   -1.215188635909158e-01     8.440527658929369e+00
    1.191335496901389e-01     8.444564155183762e+00
    5.482143764687630e-02     8.449406275591837e+00
   -4.636256390579097e-02     8.454788670273583e+00
    2.295600378499614e-01     8.460087491157578e+00
    8.888146619646586e-02     8.467263653183622e+00
    2.738281565910938e-02     8.475380230629682e+00
    2.651699276464683e-01     8.484151721588912e+00
   -2.010477486044804e-02     8.494924780821574e+00
    1.440960595630543e-01     8.506123507858295e+00
   -2.928544417751709e-01     8.517996928516656e+00
   -1.761411755059499e-01     8.527636526011300e+00
   -2.323406913682333e-01     8.535205793117743e+00
   -1.350653653925861e-01     8.540696426739913e+00
   -2.267948538265386e-01     8.544590489992327e+00
   -2.505965355642615e-01     8.546320995185983e+00
   -1.459106935316299e-01     8.545633461990876e+00
    8.094846472756112e-02     8.543609651836038e+00
    1.333802821901771e-01     8.542263884382866e+00
   -2.240914707075661e-01     8.541811833276746e+00
   -8.129559934270103e-02     8.539657797705351e+00
    4.060229138049176e-02     8.536609573013877e+00
    8.464508271096061e-02     8.533929333829644e+00
   -5.719784643266623e-02     8.531910852789501e+00
   -1.140507304716039e-01     8.529396051474929e+00
    5.263812560855285e-02     8.525963433125391e+00
    1.140457220281519e-01     8.522935666047605e+00
    6.744702387909451e-02     8.520968391913877e+00
    2.198578349177183e-02     8.519667171744306e+00
   -7.328849902521595e-02     8.518574954049082e+00
   -2.457258255930583e-01     8.516604736167682e+00
   -1.945920783876998e-02     8.512647373395261e+00
   -1.196468266988859e-01     8.508070426079755e+00
    4.968608523307605e-03     8.502620433730190e+00
   -6.460797168635968e-02     8.496939324247082e+00
    1.852663179705583e-02     8.490850738062715e+00
   -1.331439830025772e-01     8.484644114388862e+00
   -1.055970095576300e-01     8.477344305454839e+00
   -1.127862234036513e-01     8.468896828847463e+00
    3.318299639261113e-03     8.459464651845019e+00
    1.642339628648926e-01     8.450092937257267e+00
    1.769050494152054e-01     8.442234806024921e+00
    1.471110361350896e-01     8.436099174352691e+00
    2.185994959854782e-01     8.431538220868159e+00
    2.748957023131198e-01     8.429166686391472e+00
   -3.971757885184957e-02     8.429175646921092e+00
   -5.921576546398344e-02     8.429062941978472e+00
    1.134643624046874e-01     8.428580022267948e+00
    1.111190613524571e-01     8.428940254429881e+00
    3.723697965978885e-01     8.430888772442206e+00
   -4.367646651910547e-01     8.435270552219048e+00
   -2.711045738453821e-03     8.436742196641450e+00
   -8.045563756329555e-02     8.437483561002757e+00
   -2.187316086780016e-01     8.437464394553523e+00
   -8.241169732684517e-04     8.435558291130565e+00
    1.412402770732801e-02     8.433492318747721e+00
   -2.020522043925836e-01     8.431262918417671e+00
    1.099104867481060e-01     8.427639858400237e+00
   -8.524376598361982e-02     8.424518970106401e+00
   -1.760037961913042e-01     8.420717997883623e+00
   -1.081795883746961e-02     8.415361809594511e+00
    7.720874340232631e-02     8.409836202752127e+00
    8.881311186052021e-02     8.404996180462163e+00
    2.415816309386964e-02     8.401009854016838e+00
    5.875017659061532e-02     8.397278115089149e+00
    3.758185200352215e-01     8.394549988845485e+00
   -1.809900012241371e-01     8.394570285410190e+00
   -5.286513640351698e-02     8.393611345704739e+00
   -1.773272243751767e-02     8.391891321961438e+00
   -1.310812246486537e-02     8.390059372366084e+00
   -9.332078004611621e-02     8.387925104899310e+00
    1.526317563073292e-01     8.385260937396072e+00
    7.541407452969229e-02     8.383734065558450e+00
   -1.566752303900221e-02     8.383017692823218e+00
    8.594085023729825e-04     8.382187686818330e+00
    1.191130514645351e-01     8.381532653654418e+00
    1.454163259528518e-02     8.381740821693958e+00
    3.926924677707746e-01     8.382693326361608e+00
    1.701043826532043e-01     8.386885729633713e+00
   -2.634576803326349e-02     8.392912018080073e+00
   -2.606633988498117e-01     8.398584830611405e+00
   -3.279332550283698e-01     8.401813369379830e+00
   -1.542783135079390e-01     8.401991599382896e+00
   -1.272189710891155e-01     8.400451038235481e+00
    6.283774363776051e-02     8.397822633350357e+00
    9.368251882418699e-02     8.395678332936832e+00
   -1.621484008846948e-01     8.394193156178201e+00
   -2.658168398882538e-01     8.391242114263745e+00
   -9.368862436824088e-02     8.385870217239074e+00
    6.618003963683350e-02     8.379573712754219e+00
   -1.358634702516894e-01     8.373567498517142e+00
   -2.044458695357492e-01     8.366367492768244e+00
   -2.062713469848461e-01     8.357167321515636e+00
   -1.837528024113851e-01     8.345906140996085e+00
    1.896429918892872e-02     8.333005212037131e+00
    1.152139327400059e-02     8.320068750489261e+00
   -7.914218854082833e-02     8.307210167223587e+00
   -2.160877443992092e-01     8.293463948515043e+00
    1.122264439205765e-01     8.278044999927175e+00
    1.531696791395243e-02     8.263347158060732e+00
   -3.732686303524702e-01     8.248441834621365e+00
    1.271401104268250e-01     8.230794767134448e+00
   -1.544471554781812e-02     8.213646068318649e+00
   -2.500048224504214e-02     8.196595774610422e+00
   -9.836639009946002e-02     8.179170223582673e+00
   -8.575782102853968e-02     8.160857763052341e+00
    1.270877035690148e-01     8.141877558657455e+00
    8.992105129215222e-03     8.123885704207712e+00
   -4.515132577334896e-01     8.105608491914330e+00
   -2.898761241525335e-01     8.083465368017706e+00
   -1.951532065921697e-01     8.058313428895243e+00
   -2.208895053441381e-01     8.031054472078527e+00
    2.054680813344363e-01     8.002098540777718e+00
    1.003124114207481e-01     7.974619597962501e+00
   -3.437978473134540e-02     7.948181539094467e+00
   -1.069209400920045e-01     7.921435779066253e+00
   -5.589647383168883e-02     7.893722835057167e+00
    1.482554844031256e-01     7.865614485220648e+00
    7.322043234726161e-02     7.838715968566604e+00
   -1.762611012143396e-01     7.812401502340756e+00
   -2.393233494417757e-01     7.784476713084002e+00
    8.343793199646266e-02     7.754532176773814e+00
    1.163044949557162e-01     7.725175807602677e+00
   -4.762357497526295e-01     7.696342261673872e+00
   -3.658313365148615e-01     7.663451069353763e+00
   -3.587656899042035e-02     7.627114143770963e+00
   -1.834741280743231e-01     7.589860940557259e+00
    1.609353096955033e-01     7.551389423380001e+00
   -2.679157940406751e-02     7.513894775327227e+00
   -3.091416161894356e-02     7.476407207372750e+00
   -4.856182913495100e-02     7.438542547097456e+00
   -4.114757025912463e-02     7.400231329382682e+00
    3.825461328178781e-02     7.361579692824205e+00
   -2.258472685533663e-02     7.323168647772270e+00
   -7.023674896032051e-02     7.284566783810649e+00
   -2.909791452869456e-01     7.245105020375433e+00
   -4.645186270154739e-01     7.202724316978995e+00
   -2.241603355822686e-02     7.156331096254978e+00
    1.259176160610878e-01     7.109383887112200e+00
   -1.114616399804047e-02     7.063463151151463e+00
   -1.536236217651151e-01     7.017431209429564e+00
   -8.673641241963426e-02     6.970027081276901e+00
    2.257687286996088e-01     6.922035037372978e+00
    7.749763330259052e-02     6.875806356510861e+00
   -1.055035269223459e-03     6.830485045766142e+00
   -9.304470068682913e-02     6.785104551801413e+00
   -9.359644891360974e-02     6.738889987097106e+00
   -5.251443710166082e-02     6.691779805663929e+00
   -1.326995316640648e-01     6.644013690591788e+00
   -3.697955289151200e-02     6.595089758052661e+00
    6.484419905955296e-02     6.545834887468863e+00
   -2.531282926273661e-01     6.496784306666684e+00
   -2.227876940333090e-01     6.445562288185203e+00
    4.473788747422991e-02     6.392330707262827e+00
   -2.843178520711831e-02     6.339209212561583e+00
   -1.710298395949849e-01     6.285752818978706e+00
   -7.991338071577725e-02     6.230791727632127e+00
    2.171071326709637e-01     6.175234702211343e+00
    1.738259501212895e-01     6.121535594832314e+00
   -6.152597737857946e-02     6.069357197707056e+00
    1.770263740726137e-01     6.017086417330152e+00
    7.942080848146138e-02     5.966197582560008e+00
   -4.286841172603317e-02     5.916120566251448e+00
   -7.128543599606019e-03     5.865746127795747e+00
    1.370440497489311e-01     5.815390648531559e+00
    3.491286689712694e-01     5.766479955445629e+00
    2.634316796610618e-01     5.720798477406770e+00
   -2.861129899960702e-02     5.677526775920221e+00
    4.626818181850467e-02     5.634375473847275e+00
   -1.122430279208975e-02     5.591479098498780e+00
    2.062152231538561e-01     5.548782103310948e+00
    2.042990335908883e-01     5.507933904575516e+00
   -3.263171220105510e-02     5.468871811956928e+00
    4.548210837405686e-02     5.429876602573827e+00
   -2.723381185758627e-01     5.390850309242998e+00
   -2.171821945851263e-01     5.349539989057151e+00
   -4.885091163761790e-02     5.306068234332641e+00
    2.062592666001364e-01     5.262293397896604e+00
   -2.144369932588688e-01     5.219854031905383e+00
   -3.723682340782034e-01     5.175612562956299e+00
   -4.203983133606016e-01     5.127675336576239e+00
   -1.005615057046839e-01     5.075875874919777e+00
    2.268000610598619e-01     5.023136116054120e+00
   -9.606662508389829e-02     4.971934702445473e+00
    1.806391590405609e-01     4.920506144207344e+00
    2.858010272370759e-03     4.870307388861026e+00
    5.751210631433423e-02     4.820463025171266e+00
   -3.042307243950404e-02     4.771019011742506e+00
   -2.855805410484209e-01     4.721107761426428e+00
   -1.426991787931911e-01     4.668722610748782e+00
    3.188772571590448e-02     4.614943053074247e+00
   -1.509817721657214e-02     4.561220942824276e+00
    1.959728081839955e-01     4.507684061740182e+00
   -8.428175882086753e-02     4.455570648009610e+00
   -1.247587332686123e-01     4.402866300995906e+00
    1.270004202892892e-01     4.349225295496892e+00
   -5.296293417645759e-02     4.296359181294721e+00
    4.521767055647397e-02     4.243327814342361e+00
   -1.378727973331029e-02     4.190507957288057e+00
    8.211464358565768e-02     4.137780702242400e+00
   -3.786015688821176e-02     4.085594506426902e+00
   -4.031076624166308e-02     4.033226072848254e+00
   -2.367555961963432e-01     3.980180776056903e+00
   -3.222442353019228e-02     3.925219835534467e+00
   -3.241071632403991e-02     3.869697158078596e+00
   -8.901721939134288e-02     3.813780295512172e+00
    2.473377054476829e-01     3.757399734585750e+00
    2.048287077320823e-01     3.703082601729009e+00
   -4.683689928413060e-03     3.650714651585041e+00
   -1.377250113172976e-01     3.598313959491798e+00
    1.398660490174279e-01     3.544984042801159e+00
    2.028157429757129e-01     3.492756240230807e+00
    3.556739720909150e-01     3.442748705544078e+00
    1.238292589690275e-01     3.395841915989413e+00
    8.585348430431172e-02     3.350477756716451e+00
   -2.592038178904431e-01     3.305560317324228e+00
   -7.737617915602757e-02     3.258644442225319e+00
   -1.411778016347057e-01     3.210663646405265e+00
   -2.554505039209346e-01     3.161205780085788e+00
   -4.839701530763141e-02     3.109578644505651e+00
   -1.219324084796881e-01     3.057047267978222e+00
    3.099271869840152e-01     3.003978070830860e+00
   -1.003817157310152e-01     2.952999126167009e+00
    9.994647579376870e-02     2.901785181755282e+00
    1.942760190073671e-01     2.851321433022244e+00
    2.838746114292405e-01     2.802913294224259e+00
    5.703576439611879e-02     2.756946472509202e+00
    1.257432364395583e-01     2.711936252125418e+00
   -8.981932600962073e-02     2.667845801619812e+00
   -3.358264535280966e-01     2.622855550820753e+00
   -2.096966752131607e-01     2.574838002824256e+00
   -4.801523733736990e-02     2.524768941490992e+00
   -1.012285993920046e-01     2.473979560391253e+00
   -6.909220518461434e-02     2.422312113048806e+00
   -2.208124311087545e-02     2.369898269073008e+00
    2.579244148807220e-01     2.317560555515402e+00
    1.417680219096780e-01     2.267364960614324e+00
   -6.111879261961239e-02     2.218578485184437e+00
   -2.033339124111648e-01     2.169168151643008e+00
    3.104914211748455e-02     2.118139530162087e+00
    1.057408081202937e-01     2.067193454626728e+00
    1.479995818518205e-01     2.017354453851125e+00
   -2.470375310953155e-02     1.968725710272728e+00
    3.892025603931870e-03     1.920111466762821e+00
    1.462384537971961e-02     1.871438083499233e+00
    1.742540930611256e-01     1.823130073524545e+00
    5.470208478007521e-02     1.776230107888018e+00
   -2.436542353049165e-02     1.729984356827651e+00
    1.038118706606839e-01     1.683588482196893e+00
    5.019784271686092e-01     1.638641693270374e+00
   -7.816348520938166e-02     1.597614649989205e+00
   -1.574486014826733e-01     1.556470517173879e+00
   -2.250910053888162e-01     1.513594918586507e+00
   -7.228699789110349e-02     1.468815529511636e+00
   -2.828474370001288e-01     1.422805615923570e+00
    5.687693825998963e-02     1.374646820031737e+00
    1.972896032638682e-02     1.326573734055406e+00
   -1.920007000199518e-01     1.278651689129408e+00
   -3.078014654430490e-01     1.228748512942698e+00
    3.151184690826825e-01     1.176667336823794e+00
   -1.595102879832041e-01     1.126471249513110e+00
    1.758434360277672e-03     1.075451818012669e+00
    3.614588018029168e-01     1.024560292913639e+00
    1.444235505797509e-01     9.767908137128384e-01
   -4.064706664604841e-01     9.301096435572881e-01
   -2.421277751610262e-01     8.800706742191156e-01
    7.330709119102607e-02     8.277422110699868e-01
    3.553406818741722e-03     7.756967619380575e-01
    4.015521694610016e-01     7.242601304421674e-01
    2.320373609547688e-01     6.762059016579278e-01
    3.917826588791518e-02     6.305173565969684e-01
    1.650262146793977e-01     5.854833884609134e-01
    2.264709547506130e-01     5.420933453130059e-01
   -1.305532554511046e-02     5.005713729727364e-01
    1.967554908895863e-01     4.595275982550242e-01
   -2.536288755740600e-01     4.196135648205277e-01
   -1.043610165431914e-01     3.779467753668673e-01
   -1.540192401949184e-01     3.347970300681760e-01
    4.382502840037943e-01     2.909747118513628e-01
   -6.738058058994056e-02     2.502453410726875e-01
    1.383436608621764e-01     2.097131765253426e-01
    3.129642847805088e-01     1.704446749046529e-01
    1.448329812265683e-01     1.339669999890838e-01
    2.995773508757111e-01     9.933504163583518e-02
   -8.998526149003960e-02     6.710062323754618e-02
   -1.791879686814923e-01     3.429287197456787e-02
