    7.699715207889035e-02
   -9.954936435096007e-02
    3.197333178966799e-02
    1.133594079473168e-01
    3.735467083697386e-02
    9.898239604177950e-02
   -6.151026950939231e-02
    8.437869060625780e-02
    3.852096403558058e-02
   -4.386872251875840e-02
   -8.873246055323558e-02
    7.290483746844023e-02
    8.086314523385596e-02
    8.215542965883738e-02
   -7.004549233139801e-02
   -4.067550592462910e-02
   -1.898742442899229e-01
   -1.600568832420649e-01
    2.236625047594847e-01
   -8.893912978016683e-02
   -1.714294668488177e-01
   -1.288995286524997e-02
   -2.274547811505525e-01
   -2.121464612489251e-01
    2.459147052720700e-02
   -2.886385459444629e-02
   -1.282525331224150e-01
    3.736397701936833e-02
   -1.553058025618733e-01
    1.165822006781110e-01
   -1.694989151574093e-01
   -3.115914336214087e-02
    2.306183652244485e-01
    2.210311185010294e-02
   -2.840192243787178e-01
    3.197655217073929e-01
    2.800122896769675e-02
   -1.010690577887832e-01
   -6.694858929203518e-02
    1.330993192716656e-02
    7.908032094788386e-02
    1.356291685159570e-01
    7.394316863554717e-02
    2.298440773983383e-01
   -1.206256255442326e-01
   -4.427975574745768e-02
    2.239781968338381e-01
   -2.065551966987244e-01
    1.196044428409260e-01
    5.595999010308761e-02
   -3.053825463644678e-01
    5.658179726247248e-02
    3.818057024997525e-01
   -5.592044620008241e-02
   -1.371808765896954e-02
   -4.034429308275689e-03
    6.205809776799320e-02
   -1.533063219649371e-01
   -9.578890104912863e-02
    5.840186714048023e-02
   -1.124248899166755e-01
   -1.791006784442601e-01
    5.788323198297296e-02
    1.307691082533204e-01
    2.195285865294236e-01
    9.733538060366342e-02
    3.165519910086312e-02
   -1.160594454139889e-01
    6.825669579170612e-02
   -3.594040928550356e-01
    1.897475636647961e-01
   -5.265521826401165e-02
   -2.411843069120003e-01
   -2.512707479305292e-01
    1.187448575108356e-01
   -1.832294653977729e-02
    7.076734059501533e-02
   -3.828008676046601e-03
   -1.713188055031715e-01
   -2.123748768080638e-01
    1.479560199903596e-01
    9.004361356225554e-02
   -1.061811401348109e-01
   -8.070056075780063e-02
    1.255051379873477e-01
   -1.302455984971509e-01
   -1.762062829422042e-01
   -1.391305897263357e-01
    1.525633688360741e-01
    1.558847766061922e-02
    1.824457177657379e-01
    1.403386598204079e-01
   -2.902900427727033e-01
   -9.628754310388243e-02
   -3.020699443770347e-01
   -2.525822135532756e-01
   -2.747113073741708e-01
   -1.776964159891904e-01
   -1.216407531631560e-01
   -3.014877473107582e-01
   -6.746789710069478e-02
   -2.108982116123798e-01
    1.681675950127990e-01
   -2.305752562656529e-01
    1.146409949423188e-01
    8.094242092557313e-02
    2.123469466129464e-01
   -3.114193216938830e-01
   -2.063699317207799e-01
   -8.131047125172297e-02
   -1.537125847319963e-01
   -2.623651541830585e-02
    1.272145835144840e-01
    1.979696859168640e-01
   -8.782882223422983e-02
   -2.481065645714523e-01
    2.639074073287651e-02
   -3.787134088233302e-02
   -1.628302275397140e-01
   -1.798310051558772e-01
   -3.316586393637287e-01
    2.263880853554745e-01
    2.034036787497597e-01
    9.069762698603512e-02
    1.461145443988840e-01
    1.629232697622953e-01
   -2.925545819424757e-02
    1.714572764992646e-01
   -3.373853159136286e-02
   -2.398508357237190e-01
   -8.532154186440977e-02
   -1.761199617481808e-01
   -2.828992499608673e-01
   -6.140036231159063e-02
    5.594813855520755e-01
    1.052166146121807e-01
    1.261011638416292e-01
    1.761317847145805e-01
   -1.326640033740191e-01
    1.350448731702756e-01
   -9.715559229729398e-02
    5.435955377707691e-02
   -2.173434555178630e-01
    1.537768216010746e-01
   -9.919797310586065e-02
    3.007319577263146e-01
   -4.339581621317024e-02
   -3.011998553114523e-01
    1.766220450737421e-01
    2.286178427017815e-01
    1.724286046753079e-01
   -3.917142993451106e-02
   -1.422846082727020e-01
    6.657831275394654e-03
    9.348880766303158e-02
    3.237968362310411e-01
    3.069057690323120e-01
   -2.007006747182075e-01
   -2.197502306860455e-02
    2.648553354528260e-01
    1.199881710519619e-01
   -3.789847479369113e-02
    6.754872556034286e-02
   -3.828116596057496e-02
   -1.099604215114823e-01
   -2.856839097558919e-01
   -1.965481411317256e-01
   -6.613862664444947e-02
    2.509988290211718e-02
    1.171428613013314e-02
   -3.593701724996945e-02
    4.116227314458925e-01
    2.471686502645341e-01
   -2.206106758743459e-01
    1.355887908079283e-01
    8.230930669771519e-02
   -1.671996433911744e-01
   -2.156023273451382e-01
   -2.940043777390983e-01
   -1.116924334156977e-02
    4.792294426249697e-01
    1.168588574691696e-01
    1.280122369737000e-01
    2.533330521908013e-01
   -7.571146155700648e-03
    1.934776825725071e-02
    2.462226697990317e-01
    1.958952403804162e-01
    3.082841398397391e-01
   -1.175621041440195e-01
   -2.110542166335080e-01
    6.463977133131404e-03
    4.415110642520537e-02
   -1.631460373995708e-02
   -5.067876811156391e-02
   -1.670872204888667e-01
   -1.189115797450384e-01
   -9.955777532283894e-02
    1.220494294203291e-01
    6.594249810225827e-02
    2.236500316081886e-01
   -2.197089206543751e-01
   -1.987226445009995e-01
   -6.974166158453132e-02
   -1.186147508520662e-01
   -1.895798031958847e-01
    1.377495263833068e-01
    8.683822195547419e-03
    1.307464607131805e-01
    9.521724608955395e-02
    3.323473563260577e-01
    1.523983524447403e-01
   -2.027485504462023e-02
   -2.628080021042948e-01
   -1.345972493625112e-01
   -2.538734870953832e-01
   -1.401925386148278e-01
   -1.255313906081810e-01
    2.004456333965721e-01
   -4.521383996418815e-02
    1.135137255537899e-01
    2.524646305743388e-01
    3.497875531595824e-01
   -9.021331429610624e-02
   -2.405331281299827e-02
   -4.036860119730079e-02
   -2.329991340330795e-02
    6.124184452954751e-02
   -9.173361405756997e-02
    1.222850797518589e-01
    2.309745679386850e-01
    1.813208738335077e-01
    2.482540939472186e-01
   -1.039548835641128e-01
   -2.910213535355013e-01
   -1.901241357419223e-01
    1.704451750860243e-01
    3.340594963248109e-01
   -8.365961221595197e-02
   -2.146998507615905e-01
    1.759114440484779e-01
   -3.922941181281625e-02
   -5.474094182447709e-03
   -1.322145453912515e-04
   -5.310534484258800e-02
    4.043279610693715e-01
    1.050528195629681e-01
    2.803801968111954e-01
    3.105376119519154e-02
   -9.474435842783180e-03
    5.496046091240232e-01
    4.970666592299011e-02
   -1.421271329748890e-01
   -2.517498078123438e-01
    3.483199659303751e-01
    1.306617771531478e-01
    1.196562378579287e-01
   -1.463032303729449e-01
    4.057245962821132e-02
    2.453813472227382e-01
   -4.349196034807223e-02
    4.460841250645164e-02
    6.283259944599418e-02
    1.344923973527472e-01
    3.574885703127619e-01
    1.250624703241110e-02
    2.820999209591823e-02
   -3.742594440416558e-02
   -1.387213968710796e-01
    8.050061164605049e-02
    3.084023982633965e-01
    2.174598066784568e-01
   -1.861979378569856e-01
   -1.950059352155762e-01
    1.849469426089143e-01
   -8.084455941552449e-02
   -1.382919037913751e-01
   -3.424158375299835e-02
   -8.424629352918200e-02
   -3.834988706148623e-03
    3.115034939592847e-01
    5.999652447493418e-01
    1.181037710797426e-01
   -1.470524028224759e-01
   -3.936050424876043e-01
    7.680374075390262e-02
    1.641974010433926e-01
    1.102813293400060e-01
   -1.912215986146919e-01
    1.208223515334339e-03
   -3.788118348878158e-01
   -1.172247997470037e-01
    7.918393674760571e-02
   -9.204634155690317e-02
   -2.790581283994698e-02
   -1.355929553873182e-01
   -1.340181678234276e-02
   -1.206900899332993e-01
   -2.083094201037227e-01
    1.560827052540215e-02
    1.002071151953572e-01
   -1.817822978256345e-02
   -8.125164072581303e-02
   -1.029538967658198e-01
    6.337094955771927e-02
   -1.501417569545367e-01
   -3.683688063969697e-01
   -5.231716105564004e-01
    1.223488953036707e-01
    8.829414157466720e-02
    1.213238433011843e-02
   -1.700652425116062e-01
    2.146349620558738e-01
    2.086120384277763e-01
   -1.452434258617956e-01
    9.153818652896750e-02
   -2.416351099515339e-01
    8.660609094739868e-02
    1.900690827178209e-01
   -1.111445390106581e-01
    9.258782927232967e-02
    1.014956848814563e-01
    9.435078972248623e-02
   -2.155546037357681e-02
    1.299659835270119e-01
    4.024447597744427e-01
    1.835526472384346e-01
   -2.130329112225156e-01
   -9.804195775248270e-02
   -2.902940255125713e-01
   -1.824637979114840e-01
    3.551656545638706e-01
   -2.614128526217030e-02
    3.584942352128451e-02
    1.959527797259881e-01
   -1.422034337914224e-02
   -4.110649995948279e-02
   -2.445170131364790e-01
   -5.714151703833977e-01
   -5.250501406484320e-02
   -2.737749906124662e-01
   -2.254845002198266e-01
    1.963551370585614e-02
   -7.653355107769078e-02
   -2.510090836640245e-01
   -9.654482181298363e-02
   -6.184396210451859e-03
    4.371954921597920e-03
    2.603040365669917e-02
    1.213824542154298e-01
    5.701651093939888e-01
    7.516220458730638e-02
   -5.257879641527263e-02
    2.700175903495818e-01
   -4.364406939413357e-02
   -1.302979616081018e-01
    1.172788835522909e-01
    1.470815834107300e-01
   -4.457873896405717e-02
   -2.357513943922186e-01
   -2.201259644864451e-01
   -2.051081115390929e-01
   -4.180776041384893e-02
    4.343547791838915e-01
    3.977547833641353e-01
    4.251016708468058e-01
    6.245235797124460e-02
   -2.170073266190542e-01
   -6.270425509083277e-02
    2.169735725392343e-01
   -1.824518895820693e-02
   -2.053749684742258e-01
   -3.181198848244463e-01
   -9.894426950333179e-02
   -2.201993243372385e-01
   -3.089492670821130e-01
    1.399011735888451e-01
    5.869020297699024e-02
    4.684706070748068e-02
    2.629142857430233e-02
   -1.458528814124890e-01
    2.799007050417113e-02
    8.091024627596544e-02
   -6.042862805298910e-02
   -3.644942465219569e-02
    3.023928328232439e-02
    1.481408716551074e-01
   -9.276198174233907e-02
    3.052793961514899e-02
    1.556460160891333e-01
   -7.353393971534672e-02
    2.145022049558947e-01
    1.130854291445389e-01
    2.418222894110129e-01
   -1.418925686037087e-02
   -1.490388932362834e-01
   -2.438251504260052e-01
    3.239102624479240e-02
    1.767169377905815e-01
    1.023284943962921e-01
    1.425994590781585e-01
   -1.440710722463961e-01
    1.138248348708202e-01
    6.270842481976890e-02
    1.001143106924389e-01
    1.049104940989252e-01
    2.857940968670392e-01
    1.623262255896796e-02
    1.166401438914733e-01
    1.977420565113648e-01
    8.593178857598227e-02
    7.569774292970521e-02
    3.918708617106545e-01
    3.757676439296689e-01
    8.998793597925792e-02
   -9.220023710454084e-02
   -1.123150371533314e-01
   -3.715037326468831e-01
   -3.067661185948509e-01
   -5.270361293784731e-02
    2.794093921521010e-01
   -3.260759262874700e-01
   -9.438153710044328e-02
    2.057664725021937e-01
   -8.187271801539564e-02
    1.534173703300552e-01
   -2.626781696375218e-01
   -2.282110359479873e-01
   -1.357567741415039e-01
    1.265545744077259e-01
   -7.826352604461417e-02
   -1.724485314002550e-01
   -5.795912754056753e-02
    2.656778263766171e-01
    1.029069476271502e-01
    1.084860547250286e-01
   -1.408058897731991e-01
   -1.326127107601109e-01
    1.381238759110004e-01
    1.413309776932465e-01
   -5.669636893740349e-02
    2.176043845903508e-01
    1.110222673622152e-02
   -1.433225268391993e-01
   -1.599073761881413e-01
   -7.346750542449454e-02
    1.425087575702975e-01
    2.294619511400355e-01
   -4.905686677015808e-02
    1.052106945555664e-01
   -1.231847485108346e-01
   -1.494702232205156e-01
   -2.103847663797694e-01
   -1.418207354567670e-01
   -1.844607677452075e-01
    1.839229665227464e-01
    9.713165538951496e-02
   -3.151573076068559e-01
   -5.405058016167463e-02
   -2.478302633309681e-02
    1.458920353288788e-01
    4.616476056462782e-02
    2.827682353033656e-02
   -6.309689062643709e-02
    1.125907017226666e-01
    5.065503119377013e-02
    2.874064288912450e-01
   -2.053991331333127e-02
    2.518345055968618e-02
    5.903214021413428e-02
   -1.045001059931906e-01
   -3.990920953757126e-01
   -2.848213512365703e-01
   -4.009813665308859e-02
    1.560868135516784e-01
    1.544435788905503e-01
    9.454045323844862e-02
   -2.655406588233348e-01
   -1.177613016759409e-01
    6.595032803206502e-02
    3.574240051184452e-02
    2.019619096103356e-01
    6.061856966897494e-02
   -1.402141603886491e-01
   -1.414110631143387e-01
    2.941968403344797e-02
   -1.157637953138760e-01
   -1.437731410294930e-01
   -3.326785692470509e-01
    1.741413697952141e-01
   -2.383173141270476e-01
   -2.013948097313800e-01
   -1.295080113897683e-01
   -9.351719781491286e-02
   -3.951265826458439e-03
   -4.250467369714384e-02
    1.015579865642224e-01
   -4.433233757004018e-02
   -1.766719452763994e-01
    1.689179724766632e-02
   -7.724834908742362e-02
    1.616662570424381e-01
    8.470179769559527e-02
   -2.881349775987246e-01
   -1.216303048032443e-01
    2.559117161494129e-01
    1.175699821690130e-01
    1.125818395599822e-01
    7.656929466362783e-02
    1.608052486841245e-01
    2.167434293612591e-02
    1.135717598446491e-01
   -1.166833055234321e-01
   -1.189085720338878e-02
   -9.072868920614496e-02
    9.074950180902297e-02
    1.523250836490546e-01
    2.939371942233606e-01
   -4.455286805849712e-02
   -2.360136139205793e-01
   -2.940377054253759e-01
    6.900810662236267e-02
   -1.599008995614952e-01
    1.773165887907795e-01
    1.269215151384344e-01
    2.763519738661386e-01
    2.567770978964745e-02
   -1.269812968750272e-01
    2.667513584441281e-01
   -9.326154212431559e-02
   -2.273250793072293e-01
    2.764376108951183e-01
   -8.550500629449398e-02
   -1.222728514544315e-01
   -2.191522085450458e-01
   -1.692755017136391e-01
    1.155356087413508e-01
   -1.503788904619000e-01
   -1.693093270672250e-01
    5.710619140307529e-01
   -5.559007298917318e-02
   -2.848952535677540e-02
    1.397553953227486e-01
   -1.668777605839864e-01
    5.371239503597192e-03
    5.416137573812430e-02
   -9.735244688999956e-02
    3.636973358197793e-03
    6.415824192326336e-02
    8.276781250540344e-02
   -1.162124991886457e-01
   -8.852476206955084e-02
    3.139275978180138e-01
   -2.088450484788836e-01
   -9.988073150151378e-03
    2.654245458573423e-02
   -1.329850983778447e-02
   -1.477974303497718e-01
    6.557925221349015e-02
    1.534248685180273e-01
    1.806986729107620e-01
    8.445299913854565e-02
    1.746412063405898e-01
   -1.115428318568090e-02
    1.392008635482740e-01
    3.603821392273290e-01
    2.432192290549096e-01
    3.243776784494343e-01
    2.086987080929645e-01
   -3.374085923333037e-02
    1.337954550986864e-01
   -1.744982073847836e-01
   -2.091755440211898e-01
   -7.720735565445691e-02
   -3.015599557106152e-02
    2.875820736039656e-01
    6.434973317050785e-02
   -8.962989938841015e-02
   -1.913726336965171e-02
   -2.359714006217132e-01
   -2.883601176901607e-02
   -2.420463190822488e-01
    1.246622393991175e-01
    6.229147738754937e-02
   -2.565545379231537e-01
   -2.840005322331365e-01
   -2.655432458066059e-01
   -1.965317558870083e-02
    7.150099189875059e-02
    1.258131142030892e-01
    6.472418039955974e-02
   -2.633793842327975e-01
   -1.262411344508223e-01
    4.267577367094200e-02
    1.949025495866579e-01
   -1.170917417827922e-01
   -1.998817992195029e-01
   -7.412163636745395e-02
   -3.099599696977862e-02
   -1.005916361171103e-01
   -2.206768052203814e-01
   -1.445682525993505e-01
   -9.389549935954167e-02
    6.446883926344071e-02
    2.213578749425096e-01
    2.356936115560928e-01
   -2.827799294498277e-01
   -1.438900025633074e-01
   -3.416950075909370e-01
   -1.879100201891788e-01
    2.601035523845270e-01
    1.114630391363221e-01
   -7.817003312882209e-02
   -1.916140651001685e-02
   -1.160692811359354e-02
   -2.841386811928146e-01
    6.505704010862123e-02
    2.278527618914665e-01
    1.089760580943562e-01
    2.219830084592322e-02
    2.876989156859566e-01
    1.116334146039548e-01
   -5.763291271985627e-02
    7.398261917074933e-02
    6.502395450425524e-02
   -1.824184946135576e-02
   -1.542865835659029e-01
   -3.118817428527961e-01
   -8.591400935370641e-02
   -2.471324294642500e-01
   -1.459210119581200e-01
   -1.365918590062187e-03
   -1.512496527620044e-01
    1.458126930941035e-01
    5.206694710835791e-03
    1.429996631214068e-01
    1.596180563149696e-02
    4.096095528922774e-01
   -5.179599819167602e-02
    3.882865828216153e-01
   -8.087749736781125e-02
    2.209991804622518e-01
   -5.811642672445028e-02
   -1.781762378491749e-01
   -7.001864768954535e-02
   -2.650352583368487e-01
    4.843811585735125e-02
   -1.723253393609923e-01
    6.323775409672416e-02
    1.097594743229819e-01
    1.732728838575668e-01
   -1.153242504955415e-01
   -9.628424626634458e-02
   -2.056755878106002e-01
    1.647406490574777e-02
   -2.240570907670246e-01
   -1.788035920633263e-01
   -7.532265319035214e-02
   -1.204536616440691e-01
    1.995524577567891e-01
   -4.025180129857520e-02
    1.227975439243836e-01
   -1.348641269564211e-01
   -2.638413410646934e-01
    1.944554160302574e-01
    1.914102149399639e-01
   -1.206214764324386e-01
   -1.251116748624497e-01
    2.095390390447449e-01
    1.990100229031384e-01
    3.414328774116826e-01
   -9.990066775744144e-02
   -2.376251937759492e-01
   -1.655496567905062e-01
   -1.698641493970513e-01
   -1.268118362153248e-02
   -1.076120531171798e-02
    3.082097013713394e-01
   -1.261848753828188e-02
    5.192816565821090e-02
   -9.982967607431870e-02
   -3.178212771023259e-02
    3.304362639581426e-01
   -1.460168575884552e-01
    3.126898482403817e-01
   -9.780325819562563e-02
    2.130597534558718e-01
   -1.999201883372737e-02
    1.322554249134678e-02
   -1.312348450659329e-02
    4.201240858862945e-01
    5.565384674870866e-02
   -8.597470866646406e-02
   -1.883637441481198e-01
    4.745593093701928e-02
    4.857121581983970e-02
    3.695075321918182e-01
    1.179158681581101e-01
    6.531714984420200e-02
    1.095277549880620e-01
    7.422845638590725e-02
   -3.422577042425644e-01
   -1.893904178769787e-01
   -2.285764006487228e-01
   -3.071904542383777e-01
   -2.034171118107111e-01
   -4.439755103015841e-02
    1.197675755878549e-01
    2.090458534499420e-01
   -3.376854277219654e-02
    5.735007595704356e-02
    1.174802573735301e-02
   -2.399573970594138e-02
   -3.457247818288922e-02
   -2.540503838619145e-01
   -6.469466389415290e-02
   -2.351514848518548e-01
   -1.991316265793046e-01
    1.816424185383767e-01
   -2.466466709205972e-02
    1.643890862048352e-01
   -5.142606618298939e-02
   -1.094643488002134e-01
   -3.063250362347845e-01
   -2.741376638241377e-01
    1.039766263776927e-01
    1.799804649334646e-01
    1.779678953959773e-01
    2.139270550314165e-01
   -2.135610505626971e-01
    1.270432617570227e-02
   -1.333258319276642e-02
    3.362786412885328e-01
    1.387025239429192e-01
    5.691561494011799e-02
   -5.072235996263996e-02
   -2.109307927794305e-01
   -2.063117330885234e-01
    1.951452301025085e-01
    2.363274533303297e-01
    2.895848069649665e-02
    7.010063190379578e-02
   -1.447214782046331e-01
   -5.244799001781097e-03
   -5.707718561333197e-02
    4.719237465374704e-02
   -1.184133777523414e-01
   -1.106992150394148e-01
    1.941184732286843e-01
    5.123361932481973e-03
   -2.603390178533289e-01
   -2.038319287274362e-01
   -7.729823528200064e-03
   -1.713783903649073e-01
    2.091061895482595e-01
   -1.838666584260238e-01
    4.960385207614304e-02
   -1.156652138368599e-01
   -5.114957445397238e-01
   -4.305269021627680e-01
   -1.202526020691039e-01
   -1.609740748080526e-01
   -8.037706520389065e-02
    1.922530151929436e-01
   -9.931505478746772e-02
   -4.491941114573594e-02
    1.487394207969372e-01
    2.559446933565246e-02
    9.425596378243317e-02
   -1.889000567581456e-03
    2.742689433272849e-02
    5.501159676617906e-03
   -1.151397355422716e-01
    2.121902284071675e-02
    3.132534946640253e-02
    5.072418565720271e-03
   -2.331037813186413e-01
    2.654108190106057e-01
    9.064034310579250e-02
    3.996256478603584e-01
   -2.287215347124061e-02
    1.304188151321513e-01
    2.621988789535412e-02
   -2.623402337798211e-01
    1.072685663973858e-01
    2.943370505076246e-01
    2.392873191868659e-01
   -1.491786348541946e-02
    8.712396127094157e-02
   -8.583613980154614e-02
   -2.501538791759683e-02
    1.558138410815217e-01
    7.174217658985071e-02
   -3.257236950294840e-01
    7.870591553789841e-02
    2.421496664893530e-02
    9.908127618372187e-02
   -9.258819325043577e-03
    1.781190023479611e-01
    1.509322719184751e-01
    7.688687767055735e-02
   -5.338691923578831e-02
   -2.448119633105932e-01
   -1.916713648546817e-01
   -1.930984703574097e-01
    9.100489135479961e-02
    2.359371708473419e-01
   -9.433150895905551e-02
    1.213353016549945e-02
    2.206251486626798e-01
    6.024081986112728e-02
   -1.096853373628448e-01
    5.513557932439312e-01
    2.388607102853371e-01
    1.219610703701277e-01
    1.005390605289165e-01
    9.007908973408130e-02
   -1.822748936666073e-01
   -1.229600764012559e-01
    4.414947611525348e-01
    3.246171071077470e-01
    5.634939899352953e-02
   -3.798278022286581e-01
   -3.323366916048769e-01
   -3.299468742067632e-01
   -4.562204323401597e-02
    1.259520468711117e-01
    3.087416460257373e-01
    7.268559125640772e-02
   -6.778027178238522e-02
    1.302825353446564e-01
    2.549675862276388e-01
    1.403117861775343e-01
   -8.447420965916874e-02
   -3.473742152091234e-01
   -2.189343933190286e-01
    1.501404057261202e-02
   -2.339752236146978e-01
    8.646947717084008e-02
    3.143645646797268e-01
    4.431402997862051e-01
    1.066822415073374e-01
    1.108326013184182e-01
    5.040081738338587e-01
    8.128819067578097e-02
   -1.317886600069869e-01
   -1.586780385682289e-01
   -3.245960386028457e-01
   -1.965428056717826e-01
   -9.025881999721719e-02
    1.313633211908383e-01
   -7.309504221265684e-02
   -8.368036754047237e-02
   -2.081207143020833e-01
   -5.286419587180149e-01
    1.340022261950822e-01
    3.553516386515525e-01
    2.353985739408704e-02
    1.052882520733305e-01
   -5.674789393913215e-02
   -5.063980448945815e-02
   -3.501414781768519e-02
    2.854614655279477e-01
   -1.074468820489016e-01
   -1.235226186836599e-01
   -3.909908627763002e-01
   -2.048153773025717e-01
   -1.352077845512610e-01
   -2.215926750737026e-01
    4.042610505449029e-02
    3.496749703466491e-01
    4.580165777234526e-01
   -4.162513931763101e-02
   -2.418602845948896e-01
   -2.948431363177917e-01
   -2.644244328920593e-01
    6.490026898177348e-02
    1.969946255109902e-01
    1.544976447918884e-01
   -1.633298352608847e-01
   -1.309476259277688e-01
   -5.596587979230205e-02
    1.675491882359608e-01
    1.257956917581737e-01
    1.743471476740410e-01
   -1.445597852808305e-01
    9.947375021403193e-03
    6.703138999556013e-02
    5.170085388427821e-01
    2.075318515897835e-01
   -2.500026338293935e-01
   -9.866279055188443e-03
    5.857828451037217e-02
   -2.336685130203421e-01
   -1.149809549020858e-01
   -1.631476471412100e-01
   -2.960966360028006e-02
   -6.574743087684287e-02
   -2.124460261930607e-01
   -1.441461834823770e-01
    7.678713927008407e-02
    1.329430014112005e-01
    1.167481213619568e-01
    1.091254069489538e-01
    3.371663535776406e-01
   -9.236789116408206e-02
   -2.723264776950998e-01
   -2.425647302538494e-01
   -1.227155929101513e-01
    8.645827975044540e-04
   -1.180482071115876e-01
   -1.395879387106902e-01
   -3.089264559096876e-01
   -1.851702266667360e-01
   -1.155007556625776e-01
   -1.548708824226083e-01
   -1.338896377512754e-01
   -2.027075147674509e-01
   -1.592062218164927e-01
   -3.268407044308560e-01
   -5.772542664903424e-02
    2.240572350402601e-01
   -1.144360906781060e-01
    2.656364296136360e-01
    1.642866990071810e-01
   -4.160590271933418e-02
    3.414831337209818e-01
    1.541296231947684e-01
   -9.252155604577861e-02
   -7.333632920744437e-02
    1.073965568594417e-01
    9.371538871198570e-03
    3.288808982114291e-01
    1.422982976583511e-01
   -4.826023894686382e-02
   -6.991866344441744e-02
   -1.683435575797598e-02
   -1.612406009084907e-01
    5.753720302287779e-02
   -1.206235995840587e-01
    6.890681432038837e-02
   -3.815758330884478e-02
   -2.486944454313400e-02
    4.057194607584791e-01
   -1.060596382513609e-01
   -1.984129167606795e-01
    1.527651847587550e-01
    3.966400582954577e-01
    4.067635794519342e-02
    4.240024441779269e-01
    1.481030109668779e-01
   -1.314488859759138e-01
   -2.721991894610487e-02
    1.830871177180313e-01
    6.286502425490337e-03
   -1.507409192354203e-01
   -2.374096921147441e-01
    6.108682101909040e-01
    2.115877635648644e-02
   -2.164535781678637e-01
   -1.948251272587413e-01
   -1.529512398207771e-01
   -9.804067619159018e-02
   -1.081655658390901e-01
   -3.662439312265690e-01
   -2.200130689260220e-01
   -1.129611653508619e-01
    1.613648463856976e-01
    3.451862524847968e-01
   -2.868363487351078e-02
   -5.166274517360991e-02
    2.615200360626886e-01
    1.852518425295679e-02
   -2.005878087171539e-01
   -2.231412171527325e-01
    2.518892157813639e-01
   -1.203442003805038e-01
    1.028916325340101e-02
    8.768744056843625e-02
    1.742413644928944e-01
    1.108667423672045e-01
   -2.135862116025180e-01
    5.904842278215483e-02
   -1.795612483817536e-01
    4.082450811271314e-01
    3.705214744155512e-01
    3.044530222015851e-02
   -1.399803190317982e-01
   -1.542095428868322e-01
    7.799993244912562e-02
    2.790323977930711e-01
    9.597618968901434e-02
   -1.427620701342960e-01
    1.544800675819828e-01
    7.977846534499800e-02
    1.738372233134384e-01
    2.381460353009515e-01
   -2.697014782965426e-01
   -2.422699355630072e-01
    9.744382756910563e-02
