    0.000000000000000e+00
    1.925615144488733e-01
   -3.920792458650506e+00
   -2.096623994949317e+00
    4.237655527210410e+00
    9.303905199581004e+00
    2.816274174537431e+00
    1.527784045021437e+00
   -2.136007393341196e+00
   -2.382196958152614e+00
   -5.755155145618472e+00
   -1.830437167396748e+00
   -7.381519253244582e-01
   -1.989536102115479e-01
   -5.726308363255521e-01
    5.001809650471577e+00
    8.487131899997403e+00
   -3.576799989352608e-02
    6.049316396453949e+00
    5.953687947450572e+00
   -2.980019631852168e+00
   -6.235413503913750e+00
    4.719196144240735e+00
    2.272140148042040e+00
   -9.726820408096829e+00
    5.535189279629829e+00
    6.155540828531270e-01
    3.453191115566478e+00
    4.514820899111220e+00
   -7.272695722875702e+00
   -3.179350385565543e+00
   -5.058626051609156e-01
    3.360744394466465e+00
   -4.584188501757582e+00
    7.339785664167771e-01
   -6.066856778623868e+00
   -1.203389853083436e-02
    4.435527452454574e+00
   -2.376576297777084e+00
    8.586191433089745e+00
   -5.338409498745284e+00
   -8.594836704335307e-01
    2.958792157112597e+00
   -2.464218615152491e-01
    6.784434632688626e+00
   -4.844280144049174e+00
   -4.105114786497041e+00
   -5.772709338121391e+00
   -1.794707324380925e+00
    8.070302894892576e-01
   -2.531733233649281e+00
   -5.177191643261275e+00
    2.901567515344200e+00
   -1.993819251387790e+00
   -9.409678768688794e-01
   -9.867581107891650e-01
   -3.334076739335149e+00
    3.242990418192065e+00
    2.236802779029163e+00
   -2.481782631199891e+00
    2.825694788162651e+00
   -2.484053549346618e+00
   -8.203729383619301e+00
    1.140863053992802e+01
    4.301291071951777e+00
    1.116887394818645e+00
    1.669736698872385e+00
   -1.091455671625469e+01
   -1.417107888937902e+00
    1.052913206542935e+01
   -4.877295965474518e+00
    7.846407603870238e+00
   -1.735268343219962e+00
   -5.761240943417244e+00
   -8.144865895183679e-01
   -3.364888657824727e+00
    5.439702098803380e+00
    3.768890720565050e+00
   -9.750268436830929e-01
   -8.337295420293652e+00
    1.623635747914898e+00
    2.092358752756464e+00
    4.951785771134925e+00
   -3.534108177365369e+00
   -1.700746568366333e+01
   -3.067260017243892e+00
   -6.053713639774386e+00
    6.085426859957266e-02
    1.185839827351066e+00
    4.323341831772865e+00
    6.941326354823984e+00
   -5.999663009608440e+00
   -1.580104322648859e+00
    8.725530974062577e+00
    2.199842332871986e-01
    2.098750455800386e+00
    2.974835008861086e+00
   -1.496121187580050e+00
   -1.038882036591453e+01
    1.066391025332876e+01
    7.783625365885766e+00
   -5.502091689114208e+00
   -5.188620963280613e+00
   -2.752420469824123e+00
   -5.072149401061095e+00
    3.042238584251933e+00
    3.958677947647466e+00
   -4.809995940590580e+00
   -6.694980541951198e+00
   -3.174499521390093e-01
   -4.292578608785044e+00
    3.762995043348432e-01
   -4.273993844179383e+00
   -5.242519659560460e-01
    6.008218203696175e+00
   -3.182811511382946e+00
    1.129487372170902e+00
    1.912160900071322e-01
    7.041768684658892e+00
   -6.356957582378078e+00
   -5.392403579506414e-01
   -3.574895608895261e-01
    5.717420099995619e+00
    6.041453872699702e+00
   -8.606945568319997e-01
   -3.956611320641017e+00
    6.042845656877311e+00
   -4.834015944934375e+00
   -5.728820798270027e+00
    1.058034384069073e-01
   -2.867906245887377e+00
   -1.783952183978810e+00
    7.914032220276872e+00
    2.056023578878812e+00
    4.740401597231234e+00
    3.646253671735598e+00
   -5.717833700418404e-01
   -1.105367112001555e+01
    1.942629266621242e-01
    1.039497175013321e+01
   -5.124789837825623e+00
   -8.863315531442977e-01
   -9.437607929130056e+00
    9.322392498451865e+00
   -3.364912447177370e+00
    3.629218111125344e+00
    5.412200420294876e+00
   -6.445896307753192e+00
    1.785315235734810e-01
   -1.214039827261557e+00
   -1.580120811759653e+00
   -4.803909008448497e+00
   -3.902881982248974e+00
   -1.218341985924707e+00
    1.291183394596831e+01
    4.111097491802095e+00
    1.227825591116453e+00
   -1.528204617121697e+00
   -9.955268884633877e+00
   -8.004675921615128e+00
    1.057846280229916e+01
    6.187100734411517e+00
   -1.763605900602606e-01
   -4.191883464994710e+00
   -1.853904716960074e+00
   -3.131805184613057e-01
   -5.601431370774653e+00
    5.667278061300839e+00
    4.008807646236574e+00
   -1.009297416476043e+01
   -1.193573113962845e-01
    2.990792585364270e+00
    7.827335068817639e+00
    1.249005633707944e+00
   -3.074449148365463e+00
   -8.106058434548116e-01
   -1.526858368441969e+00
    1.234199235642039e+00
    2.089823562583949e+00
    2.512569852201862e+00
   -2.388641537529787e+00
    1.286318072036399e+00
    3.474625385038237e+00
   -1.494211005499154e+01
   -2.413424315590089e+00
    1.329621543079118e+00
    3.810052306133874e+00
    8.207465182581702e+00
    1.011697986929478e+01
    5.428097843728732e+00
    5.885124757036700e-01
    1.177634027420159e+00
   -2.351666233984843e+00
   -1.050526001353167e+00
    8.585823683806378e+00
    2.390175647791334e+00
    5.103814780755336e+00
   -5.195776549010261e+00
   -3.624926489774165e+00
   -3.051178300079977e+00
    9.122989095512374e+00
   -3.420040155187259e+00
   -1.602342036347926e+00
    1.316264205493051e+00
    6.636831094958997e-01
   -2.882666574675045e+00
    2.147217582844782e+00
    3.651638696054610e+00
    3.266460402747562e+00
    2.157402545299817e+00
   -1.326834010573096e+00
    5.486853853646961e+00
    4.928944604318106e+00
    9.920511045070324e-01
    3.778019733996581e+00
    4.800643770803113e+00
   -3.117134393214862e-01
    3.743593998268631e+00
   -7.416658215177048e+00
   -2.691312827002824e+00
    1.845882129265887e+00
    3.377959360341216e-01
   -5.603648317979690e+00
    7.371441470884216e-01
    4.238913995730845e+00
   -8.549934391671288e+00
   -3.176903317220181e-01
   -4.203421547297168e+00
   -1.095671115424184e+00
    4.625204910896545e-01
    3.413956937194583e+00
    8.069390966085315e-01
   -2.382503268205016e+00
    5.741698155470573e+00
   -2.519968105113835e+00
   -2.755744644319316e+00
    5.738225491083968e-01
   -8.368451140273887e-01
   -4.001639803017552e-01
    7.668494055415740e+00
    3.100458198160074e+00
   -1.025813942867445e+00
   -1.756361165235989e+00
   -4.445513783711106e-01
   -2.342295573920376e+00
   -2.392686561323729e-01
    5.665093430473271e-01
   -6.984492346719957e-01
    7.437783216654295e-01
    5.082089429810502e+00
    2.327650177932972e+00
    1.126537172549278e+00
    2.864881620621246e+00
   -4.106066068542054e+00
   -5.505079713005114e-01
    7.925355229259425e-01
    7.563078844316978e+00
    2.640168191529979e+00
   -4.491939936300127e+00
   -1.857410990226619e+00
   -7.257402022883603e-01
   -6.545841427141141e-02
    2.390551838218470e+00
    5.264371210145857e+00
   -9.871851721746044e+00
   -6.644977746980784e+00
    3.019616255014196e+00
    9.759512421411487e-01
   -3.153480904302070e+00
    7.184061823822654e-01
   -1.097358030056405e+00
    3.305002071150000e+00
   -2.821550012327397e+00
   -4.627069952485362e+00
    4.744202667089853e+00
    2.961776503247906e+00
    2.380178737140972e+00
    6.352743306078318e+00
    2.759449360888020e+00
    1.422717261982996e+00
    1.964443585473223e+00
   -6.153977995579925e-01
    1.519172410165346e+00
    9.669866857621761e+00
    8.498275970457838e+00
   -7.255213922549653e-01
    4.343865254988831e+00
    1.119562969284388e+00
    4.413193748330658e+00
   -4.080228039122979e+00
   -3.456391798740257e+00
   -5.386485595933318e+00
    1.740566337801889e+00
   -2.393379659460921e+00
   -5.828736853535943e+00
    1.709230258285755e-01
   -5.635066487244384e+00
   -1.874776177531904e+00
    3.032576116062620e+00
    1.315456962183262e+00
   -2.208246093870958e+00
    1.591814553216320e+00
   -7.654521695744513e+00
    6.898760367811244e+00
   -4.446838729481858e+00
    2.072296236847221e+00
   -1.411367533911677e+00
   -4.756955437080643e+00
    6.626149304516584e-01
   -8.401123817842686e-01
    1.189438932369643e+00
    3.644462370322520e+00
    2.564746551547418e+00
    3.334009040519816e+00
    1.337609789641313e+00
    1.538048009134587e+00
   -2.559896901429184e+00
    1.411594401244605e+00
   -7.510987866237688e+00
   -2.091320263334579e+00
   -6.263751807929966e-01
    4.323627570505454e+00
    3.880894249987126e-01
   -4.755472864276458e-01
    1.188844206350913e+00
    2.974979629690761e+00
    2.445108261478150e+00
   -2.884620546317331e+00
   -1.521964004989902e+00
    2.949266905836301e+00
    3.068535676559071e+00
   -2.970694731848895e-01
   -2.071836283188381e+00
    3.410449669185054e-01
   -1.524193074985451e+00
   -3.280233803498936e+00
    1.125438129900745e+00
   -9.604366696813997e-01
   -8.259266131791506e-01
    5.339878304602649e+00
    3.378479725676632e+00
   -6.238681744171228e-01
   -2.734958772104497e+00
    3.466145981666164e-01
   -2.989438991348784e+00
    5.946923236179716e+00
   -2.243508016951203e+00
   -2.438291080852304e+00
   -6.757114839739049e+00
    9.733423126491312e-01
    1.488016803640181e+00
    3.879564092387184e+00
    1.883639814148661e+00
    3.841568383724654e-01
    2.912893465247668e+00
   -1.931041479407901e+00
   -1.263223773030913e+00
   -5.894665090371221e+00
   -3.146724476874577e+00
   -7.282663944253807e+00
   -1.544673480464022e+00
   -9.523118419026414e+00
   -2.431729978033252e+00
   -4.656925548247234e+00
   -7.285930129684775e+00
   -1.270752794394506e+00
    1.074732104999950e+00
    5.076166069138861e+00
   -2.889232928611801e-01
    1.677916280947735e+00
   -1.682629738937679e+00
    7.629848123910889e+00
    3.586190432395103e+00
   -1.955557459032439e+00
    2.080944012703749e+00
    2.931463538337765e+00
   -2.518838065334620e+00
    2.071162969403374e+00
    1.045307364531524e+00
    2.300143340414978e+00
   -4.226789644309030e-01
   -3.708743478827098e+00
   -3.607643230951831e+00
   -1.959530342587447e+00
    3.041676625250041e+00
   -5.583368856697946e+00
    2.506582411564394e+00
   -1.532864197296687e+00
    5.070453575564985e+00
   -2.433225399180084e+00
    3.526471506259607e+00
   -2.412067407281403e+00
   -5.113435844102807e+00
    7.017743742167159e+00
   -2.645680897288769e-01
    2.961604354816699e+00
    1.427400844004836e+00
    5.549704848369307e+00
   -2.666375752313463e+00
    1.647185971632074e+00
   -8.221072065503341e-01
   -4.191730903617106e-01
    1.472088354159337e+00
   -3.115888464532546e-02
    1.041145529104887e+00
    4.708611169500235e+00
   -4.301688719353825e+00
    1.273029577681022e+00
   -1.753850669759803e+00
    4.719989708431824e-01
   -3.402143215333789e+00
   -3.592284030444040e+00
    1.214779166286979e+00
    5.189492823679451e-01
    7.027102672683476e-01
   -1.581625682653214e-01
   -2.996080476883241e+00
    8.915293888172906e-01
   -1.760641583210057e+00
    3.145609641295719e+00
   -2.467882116856185e+00
    3.135956486201033e+00
   -1.658014399567067e-01
   -6.902591822189565e+00
   -2.668213702891377e+00
    1.434836112454516e+00
    2.231670937778147e-01
   -2.059476013244743e+00
    1.847996462828498e+00
   -2.884728432916298e+00
   -8.410555349133000e-01
    2.411757920768323e+00
    1.861325373098970e+00
    2.836766178870124e+00
   -3.217670875742294e+00
    1.018114441898175e+00
   -1.888871309863625e-01
   -1.733514519716489e+00
    4.481358116865506e-01
    8.077371963173003e-01
    8.730449592714473e+00
    5.790893931791246e+00
    5.051546611343174e-01
    4.924163137777333e+00
   -1.720336055959873e+00
    1.864476425430156e-01
    1.313411539700710e+00
   -2.401442647461803e+00
    3.392438576226723e+00
    2.166916190878013e+00
   -2.427006688316783e+00
   -1.367547832305253e+00
    5.304519748630912e+00
    6.564782435182177e-01
   -7.858843751393800e-01
    2.129177457351785e+00
   -4.542747402776914e-01
    2.865271296279849e+00
    4.340392502882987e-01
   -4.623133460022535e+00
    2.036010059084836e+00
   -1.079572346886515e+00
   -3.089131790124018e-01
    3.489077838656394e+00
   -1.447624081381020e+00
   -7.092488266144314e+00
    5.783474116091947e-01
   -4.816855779928911e+00
    3.108133439908495e+00
   -2.133094590244770e+00
   -8.971009636797753e-01
    6.092661457562204e+00
   -1.330654814499804e+00
   -3.249310509810332e+00
    2.965016025454247e+00
   -3.554221596847516e+00
   -1.643636053012038e+00
   -2.311242638910948e+00
   -3.701936692891278e+00
   -5.470508023269030e+00
    3.328714953209691e+00
    3.651503502270882e+00
   -1.837272152181046e+00
    6.109809266542290e-01
    2.538894925686286e+00
    4.742340225898923e+00
   -1.138241090940895e+00
    2.807314754189105e+00
    1.563460057251780e+00
    1.385312483344266e+00
    4.443720138886489e+00
    3.005736882252817e+00
   -4.980293301301845e+00
    4.997882913986018e-01
   -4.864169270645948e+00
   -1.666719706175515e+00
   -1.798823066026726e+00
   -9.647485748978017e-01
   -6.533837238926743e+00
    2.885773361858466e+00
    5.029011490093660e+00
    2.885773361858466e+00
   -6.533837238926743e+00
   -9.647485748978017e-01
   -1.798823066026726e+00
   -1.666719706175515e+00
   -4.864169270645948e+00
    4.997882913986018e-01
   -4.980293301301845e+00
    3.005736882252817e+00
    4.443720138886489e+00
    1.385312483344266e+00
    1.563460057251780e+00
    2.807314754189105e+00
   -1.138241090940895e+00
    4.742340225898923e+00
    2.538894925686286e+00
    6.109809266542290e-01
   -1.837272152181046e+00
    3.651503502270882e+00
    3.328714953209691e+00
   -5.470508023269030e+00
   -3.701936692891278e+00
   -2.311242638910948e+00
   -1.643636053012038e+00
   -3.554221596847516e+00
    2.965016025454247e+00
   -3.249310509810332e+00
   -1.330654814499804e+00
    6.092661457562204e+00
   -8.971009636797753e-01
   -2.133094590244770e+00
    3.108133439908495e+00
   -4.816855779928911e+00
    5.783474116091947e-01
   -7.092488266144314e+00
   -1.447624081381020e+00
    3.489077838656394e+00
   -3.089131790124018e-01
   -1.079572346886515e+00
    2.036010059084836e+00
   -4.623133460022535e+00
    4.340392502882987e-01
    2.865271296279849e+00
   -4.542747402776914e-01
    2.129177457351785e+00
   -7.858843751393800e-01
    6.564782435182177e-01
    5.304519748630912e+00
   -1.367547832305253e+00
   -2.427006688316783e+00
    2.166916190878013e+00
    3.392438576226723e+00
   -2.401442647461803e+00
    1.313411539700710e+00
    1.864476425430156e-01
   -1.720336055959873e+00
    4.924163137777333e+00
    5.051546611343174e-01
    5.790893931791246e+00
    8.730449592714473e+00
    8.077371963173003e-01
    4.481358116865506e-01
   -1.733514519716489e+00
   -1.888871309863625e-01
    1.018114441898175e+00
   -3.217670875742294e+00
    2.836766178870124e+00
    1.861325373098970e+00
    2.411757920768323e+00
   -8.410555349133000e-01
   -2.884728432916298e+00
    1.847996462828498e+00
   -2.059476013244743e+00
    2.231670937778147e-01
    1.434836112454516e+00
   -2.668213702891377e+00
   -6.902591822189565e+00
   -1.658014399567067e-01
    3.135956486201033e+00
   -2.467882116856185e+00
    3.145609641295719e+00
   -1.760641583210057e+00
    8.915293888172906e-01
   -2.996080476883241e+00
   -1.581625682653214e-01
    7.027102672683476e-01
    5.189492823679451e-01
    1.214779166286979e+00
   -3.592284030444040e+00
   -3.402143215333789e+00
    4.719989708431824e-01
   -1.753850669759803e+00
    1.273029577681022e+00
   -4.301688719353825e+00
    4.708611169500235e+00
    1.041145529104887e+00
   -3.115888464532546e-02
    1.472088354159337e+00
   -4.191730903617106e-01
   -8.221072065503341e-01
    1.647185971632074e+00
   -2.666375752313463e+00
    5.549704848369307e+00
    1.427400844004836e+00
    2.961604354816699e+00
   -2.645680897288769e-01
    7.017743742167159e+00
   -5.113435844102807e+00
   -2.412067407281403e+00
    3.526471506259607e+00
   -2.433225399180084e+00
    5.070453575564985e+00
   -1.532864197296687e+00
    2.506582411564394e+00
   -5.583368856697946e+00
    3.041676625250041e+00
   -1.959530342587447e+00
   -3.607643230951831e+00
   -3.708743478827098e+00
   -4.226789644309030e-01
    2.300143340414978e+00
    1.045307364531524e+00
    2.071162969403374e+00
   -2.518838065334620e+00
    2.931463538337765e+00
    2.080944012703749e+00
   -1.955557459032439e+00
    3.586190432395103e+00
    7.629848123910889e+00
   -1.682629738937679e+00
    1.677916280947735e+00
   -2.889232928611801e-01
    5.076166069138861e+00
    1.074732104999950e+00
   -1.270752794394506e+00
   -7.285930129684775e+00
   -4.656925548247234e+00
   -2.431729978033252e+00
   -9.523118419026414e+00
   -1.544673480464022e+00
   -7.282663944253807e+00
   -3.146724476874577e+00
   -5.894665090371221e+00
   -1.263223773030913e+00
   -1.931041479407901e+00
    2.912893465247668e+00
    3.841568383724654e-01
    1.883639814148661e+00
    3.879564092387184e+00
    1.488016803640181e+00
    9.733423126491312e-01
   -6.757114839739049e+00
   -2.438291080852304e+00
   -2.243508016951203e+00
    5.946923236179716e+00
   -2.989438991348784e+00
    3.466145981666164e-01
   -2.734958772104497e+00
   -6.238681744171228e-01
    3.378479725676632e+00
    5.339878304602649e+00
   -8.259266131791506e-01
   -9.604366696813997e-01
    1.125438129900745e+00
   -3.280233803498936e+00
   -1.524193074985451e+00
    3.410449669185054e-01
   -2.071836283188381e+00
   -2.970694731848895e-01
    3.068535676559071e+00
    2.949266905836301e+00
   -1.521964004989902e+00
   -2.884620546317331e+00
    2.445108261478150e+00
    2.974979629690761e+00
    1.188844206350913e+00
   -4.755472864276458e-01
    3.880894249987126e-01
    4.323627570505454e+00
   -6.263751807929966e-01
   -2.091320263334579e+00
   -7.510987866237688e+00
    1.411594401244605e+00
   -2.559896901429184e+00
    1.538048009134587e+00
    1.337609789641313e+00
    3.334009040519816e+00
    2.564746551547418e+00
    3.644462370322520e+00
    1.189438932369643e+00
   -8.401123817842686e-01
    6.626149304516584e-01
   -4.756955437080643e+00
   -1.411367533911677e+00
    2.072296236847221e+00
   -4.446838729481858e+00
    6.898760367811244e+00
   -7.654521695744513e+00
    1.591814553216320e+00
   -2.208246093870958e+00
    1.315456962183262e+00
    3.032576116062620e+00
   -1.874776177531904e+00
   -5.635066487244384e+00
    1.709230258285755e-01
   -5.828736853535943e+00
   -2.393379659460921e+00
    1.740566337801889e+00
   -5.386485595933318e+00
   -3.456391798740257e+00
   -4.080228039122979e+00
    4.413193748330658e+00
    1.119562969284388e+00
    4.343865254988831e+00
   -7.255213922549653e-01
    8.498275970457838e+00
    9.669866857621761e+00
    1.519172410165346e+00
   -6.153977995579925e-01
    1.964443585473223e+00
    1.422717261982996e+00
    2.759449360888020e+00
    6.352743306078318e+00
    2.380178737140972e+00
    2.961776503247906e+00
    4.744202667089853e+00
   -4.627069952485362e+00
   -2.821550012327397e+00
    3.305002071150000e+00
   -1.097358030056405e+00
    7.184061823822654e-01
   -3.153480904302070e+00
    9.759512421411487e-01
    3.019616255014196e+00
   -6.644977746980784e+00
   -9.871851721746044e+00
    5.264371210145857e+00
    2.390551838218470e+00
   -6.545841427141141e-02
   -7.257402022883603e-01
   -1.857410990226619e+00
   -4.491939936300127e+00
    2.640168191529979e+00
    7.563078844316978e+00
    7.925355229259425e-01
   -5.505079713005114e-01
   -4.106066068542054e+00
    2.864881620621246e+00
    1.126537172549278e+00
    2.327650177932972e+00
    5.082089429810502e+00
    7.437783216654295e-01
   -6.984492346719957e-01
    5.665093430473271e-01
   -2.392686561323729e-01
   -2.342295573920376e+00
   -4.445513783711106e-01
   -1.756361165235989e+00
   -1.025813942867445e+00
    3.100458198160074e+00
    7.668494055415740e+00
   -4.001639803017552e-01
   -8.368451140273887e-01
    5.738225491083968e-01
   -2.755744644319316e+00
   -2.519968105113835e+00
    5.741698155470573e+00
   -2.382503268205016e+00
    8.069390966085315e-01
    3.413956937194583e+00
    4.625204910896545e-01
   -1.095671115424184e+00
   -4.203421547297168e+00
   -3.176903317220181e-01
   -8.549934391671288e+00
    4.238913995730845e+00
    7.371441470884216e-01
   -5.603648317979690e+00
    3.377959360341216e-01
    1.845882129265887e+00
   -2.691312827002824e+00
   -7.416658215177048e+00
    3.743593998268631e+00
   -3.117134393214862e-01
    4.800643770803113e+00
    3.778019733996581e+00
    9.920511045070324e-01
    4.928944604318106e+00
    5.486853853646961e+00
   -1.326834010573096e+00
    2.157402545299817e+00
    3.266460402747562e+00
    3.651638696054610e+00
    2.147217582844782e+00
   -2.882666574675045e+00
    6.636831094958997e-01
    1.316264205493051e+00
   -1.602342036347926e+00
   -3.420040155187259e+00
    9.122989095512374e+00
   -3.051178300079977e+00
   -3.624926489774165e+00
   -5.195776549010261e+00
    5.103814780755336e+00
    2.390175647791334e+00
    8.585823683806378e+00
   -1.050526001353167e+00
   -2.351666233984843e+00
    1.177634027420159e+00
    5.885124757036700e-01
    5.428097843728732e+00
    1.011697986929478e+01
    8.207465182581702e+00
    3.810052306133874e+00
    1.329621543079118e+00
   -2.413424315590089e+00
   -1.494211005499154e+01
    3.474625385038237e+00
    1.286318072036399e+00
   -2.388641537529787e+00
    2.512569852201862e+00
    2.089823562583949e+00
    1.234199235642039e+00
   -1.526858368441969e+00
   -8.106058434548116e-01
   -3.074449148365463e+00
    1.249005633707944e+00
    7.827335068817639e+00
    2.990792585364270e+00
   -1.193573113962845e-01
   -1.009297416476043e+01
    4.008807646236574e+00
    5.667278061300839e+00
   -5.601431370774653e+00
   -3.131805184613057e-01
   -1.853904716960074e+00
   -4.191883464994710e+00
   -1.763605900602606e-01
    6.187100734411517e+00
    1.057846280229916e+01
   -8.004675921615128e+00
   -9.955268884633877e+00
   -1.528204617121697e+00
    1.227825591116453e+00
    4.111097491802095e+00
    1.291183394596831e+01
   -1.218341985924707e+00
   -3.902881982248974e+00
   -4.803909008448497e+00
   -1.580120811759653e+00
   -1.214039827261557e+00
    1.785315235734810e-01
   -6.445896307753192e+00
    5.412200420294876e+00
    3.629218111125344e+00
   -3.364912447177370e+00
    9.322392498451865e+00
   -9.437607929130056e+00
   -8.863315531442977e-01
   -5.124789837825623e+00
    1.039497175013321e+01
    1.942629266621242e-01
   -1.105367112001555e+01
   -5.717833700418404e-01
    3.646253671735598e+00
    4.740401597231234e+00
    2.056023578878812e+00
    7.914032220276872e+00
   -1.783952183978810e+00
   -2.867906245887377e+00
    1.058034384069073e-01
   -5.728820798270027e+00
   -4.834015944934375e+00
    6.042845656877311e+00
   -3.956611320641017e+00
   -8.606945568319997e-01
    6.041453872699702e+00
    5.717420099995619e+00
   -3.574895608895261e-01
   -5.392403579506414e-01
   -6.356957582378078e+00
    7.041768684658892e+00
    1.912160900071322e-01
    1.129487372170902e+00
   -3.182811511382946e+00
    6.008218203696175e+00
   -5.242519659560460e-01
   -4.273993844179383e+00
    3.762995043348432e-01
   -4.292578608785044e+00
   -3.174499521390093e-01
   -6.694980541951198e+00
   -4.809995940590580e+00
    3.958677947647466e+00
    3.042238584251933e+00
   -5.072149401061095e+00
   -2.752420469824123e+00
   -5.188620963280613e+00
   -5.502091689114208e+00
    7.783625365885766e+00
    1.066391025332876e+01
   -1.038882036591453e+01
   -1.496121187580050e+00
    2.974835008861086e+00
    2.098750455800386e+00
    2.199842332871986e-01
    8.725530974062577e+00
   -1.580104322648859e+00
   -5.999663009608440e+00
    6.941326354823984e+00
    4.323341831772865e+00
    1.185839827351066e+00
    6.085426859957266e-02
   -6.053713639774386e+00
   -3.067260017243892e+00
   -1.700746568366333e+01
   -3.534108177365369e+00
    4.951785771134925e+00
    2.092358752756464e+00
    1.623635747914898e+00
   -8.337295420293652e+00
   -9.750268436830929e-01
    3.768890720565050e+00
    5.439702098803380e+00
   -3.364888657824727e+00
   -8.144865895183679e-01
   -5.761240943417244e+00
   -1.735268343219962e+00
    7.846407603870238e+00
   -4.877295965474518e+00
    1.052913206542935e+01
   -1.417107888937902e+00
   -1.091455671625469e+01
    1.669736698872385e+00
    1.116887394818645e+00
    4.301291071951777e+00
    1.140863053992802e+01
   -8.203729383619301e+00
   -2.484053549346618e+00
    2.825694788162651e+00
   -2.481782631199891e+00
    2.236802779029163e+00
    3.242990418192065e+00
   -3.334076739335149e+00
   -9.867581107891650e-01
   -9.409678768688794e-01
   -1.993819251387790e+00
    2.901567515344200e+00
   -5.177191643261275e+00
   -2.531733233649281e+00
    8.070302894892576e-01
   -1.794707324380925e+00
   -5.772709338121391e+00
   -4.105114786497041e+00
   -4.844280144049174e+00
    6.784434632688626e+00
   -2.464218615152491e-01
    2.958792157112597e+00
   -8.594836704335307e-01
   -5.338409498745284e+00
    8.586191433089745e+00
   -2.376576297777084e+00
    4.435527452454574e+00
   -1.203389853083436e-02
   -6.066856778623868e+00
    7.339785664167771e-01
   -4.584188501757582e+00
    3.360744394466465e+00
   -5.058626051609156e-01
   -3.179350385565543e+00
   -7.272695722875702e+00
    4.514820899111220e+00
    3.453191115566478e+00
    6.155540828531270e-01
    5.535189279629829e+00
   -9.726820408096829e+00
    2.272140148042040e+00
    4.719196144240735e+00
   -6.235413503913750e+00
   -2.980019631852168e+00
    5.953687947450572e+00
    6.049316396453949e+00
   -3.576799989352608e-02
    8.487131899997403e+00
    5.001809650471577e+00
   -5.726308363255521e-01
   -1.989536102115479e-01
   -7.381519253244582e-01
   -1.830437167396748e+00
   -5.755155145618472e+00
   -2.382196958152614e+00
   -2.136007393341196e+00
    1.527784045021437e+00
    2.816274174537431e+00
    9.303905199581004e+00
    4.237655527210410e+00
   -2.096623994949317e+00
   -3.920792458650506e+00
    1.925615144488733e-01
